circle
0,0
0,172
line
39.6482,35.3553
5,0.707107
line
40.3553,34.6482
5.70711,-1.75381e-16
arc
39.6482,35.3553
40.3553,35.3553
40.3553,34.6482
arc
5,0.707107
5,0
5.70711,-1.75381e-16
line
39.6482,40.3553
5,5.70711
line
40.3553,39.6482
5.70711,5
arc
39.6482,40.3553
40.3553,40.3553
40.3553,39.6482
arc
5,5.70711
5,5
5.70711,5
line
39.6482,45.3553
5,10.7071
line
40.3553,44.6482
5.70711,10
arc
39.6482,45.3553
40.3553,45.3553
40.3553,44.6482
arc
5,10.7071
5,10
5.70711,10
line
39.6482,50.3553
5,15.7071
line
40.3553,49.6482
5.70711,15
arc
39.6482,50.3553
40.3553,50.3553
40.3553,49.6482
arc
5,15.7071
5,15
5.70711,15
line
39.6482,55.3553
5,20.7071
line
40.3553,54.6482
5.70711,20
arc
39.6482,55.3553
40.3553,55.3553
40.3553,54.6482
arc
5,20.7071
5,20
5.70711,20
line
39.6482,60.3553
5,25.7071
line
40.3553,59.6482
5.70711,25
arc
39.6482,60.3553
40.3553,60.3553
40.3553,59.6482
arc
5,25.7071
5,25
5.70711,25
line
39.6482,65.3553
5,30.7071
line
40.3553,64.6482
5.70711,30
arc
39.6482,65.3553
40.3553,65.3553
40.3553,64.6482
arc
5,30.7071
5,30
5.70711,30
line
39.6482,70.3553
5,35.7071
line
40.3553,69.6482
5.70711,35
arc
39.6482,70.3553
40.3553,70.3553
40.3553,69.6482
arc
5,35.7071
5,35
5.70711,35
line
39.6482,75.3553
5,40.7071
line
40.3553,74.6482
5.70711,40
arc
39.6482,75.3553
40.3553,75.3553
40.3553,74.6482
arc
5,40.7071
5,40
5.70711,40
line
39.6482,80.3553
5,45.7071
line
40.3553,79.6482
5.70711,45
arc
39.6482,80.3553
40.3553,80.3553
40.3553,79.6482
arc
5,45.7071
5,45
5.70711,45
line
39.6482,85.3553
5,50.7071
line
40.3553,84.6482
5.70711,50
arc
39.6482,85.3553
40.3553,85.3553
40.3553,84.6482
arc
5,50.7071
5,50
5.70711,50
line
39.6482,90.3553
5,55.7071
line
40.3553,89.6482
5.70711,55
arc
39.6482,90.3553
40.3553,90.3553
40.3553,89.6482
arc
5,55.7071
5,55
5.70711,55
line
39.6482,95.3553
5,60.7071
line
40.3553,94.6482
5.70711,60
arc
39.6482,95.3553
40.3553,95.3553
40.3553,94.6482
arc
5,60.7071
5,60
5.70711,60
line
39.6482,100.355
5,65.7071
line
40.3553,99.6482
5.70711,65
arc
39.6482,100.355
40.3553,100.355
40.3553,99.6482
arc
5,65.7071
5,65
5.70711,65
line
39.6482,105.355
5,70.7071
line
40.3553,104.648
5.70711,70
arc
39.6482,105.355
40.3553,105.355
40.3553,104.648
arc
5,70.7071
5,70
5.70711,70
line
39.6482,110.355
5,75.7071
line
40.3553,109.648
5.70711,75
arc
39.6482,110.355
40.3553,110.355
40.3553,109.648
arc
5,75.7071
5,75
5.70711,75
line
39.6482,115.355
5,80.7071
line
40.3553,114.648
5.70711,80
arc
39.6482,115.355
40.3553,115.355
40.3553,114.648
arc
5,80.7071
5,80
5.70711,80
line
39.6482,120.355
5,85.7071
line
40.3553,119.648
5.70711,85
arc
39.6482,120.355
40.3553,120.355
40.3553,119.648
arc
5,85.7071
5,85
5.70711,85
line
39.6482,125.355
5,90.7071
line
40.3553,124.648
5.70711,90
arc
39.6482,125.355
40.3553,125.355
40.3553,124.648
arc
5,90.7071
5,90
5.70711,90
line
39.6482,130.355
5,95.7071
line
40.3553,129.648
5.70711,95
arc
39.6482,130.355
40.3553,130.355
40.3553,129.648
arc
5,95.7071
5,95
5.70711,95
line
39.6482,135.355
5,100.707
line
40.3553,134.648
5.70711,100
arc
39.6482,135.355
40.3553,135.355
40.3553,134.648
arc
5,100.707
5,100
5.70711,100
line
39.6482,140.355
5,105.707
line
40.3553,139.648
5.70711,105
arc
39.6482,140.355
40.3553,140.355
40.3553,139.648
arc
5,105.707
5,105
5.70711,105
line
39.6482,145.355
5,110.707
line
40.3553,144.648
5.70711,110
arc
39.6482,145.355
40.3553,145.355
40.3553,144.648
arc
5,110.707
5,110
5.70711,110
line
39.6482,150.355
5,115.707
line
40.3553,149.648
5.70711,115
arc
39.6482,150.355
40.3553,150.355
40.3553,149.648
arc
5,115.707
5,115
5.70711,115
line
39.6482,155.355
5,120.707
line
40.3553,154.648
5.70711,120
arc
39.6482,155.355
40.3553,155.355
40.3553,154.648
arc
5,120.707
5,120
5.70711,120
line
36.8736,157.581
5,125.707
line
37.5807,156.874
5.70711,125
arc
36.8736,157.581
37.5807,157.581
37.5807,156.874
arc
5,125.707
5,125
5.70711,125
line
32.7916,158.499
5,130.707
line
33.4987,157.792
5.70711,130
arc
32.7916,158.499
33.4987,158.499
33.4987,157.792
arc
5,130.707
5,130
5.70711,130
line
28.6168,159.324
5,135.707
line
29.3239,158.617
5.70711,135
arc
28.6168,159.324
29.3239,159.324
29.3239,158.617
arc
5,135.707
5,135
5.70711,135
line
24.3442,160.051
5,140.707
line
25.0513,159.344
5.70711,140
arc
24.3442,160.051
25.0513,160.051
25.0513,159.344
arc
5,140.707
5,140
5.70711,140
line
19.9681,160.675
5,145.707
line
20.6752,159.968
5.70711,145
arc
19.9681,160.675
20.6752,160.675
20.6752,159.968
arc
5,145.707
5,145
5.70711,145
line
15.482,161.189
5,150.707
line
16.1891,160.482
5.70711,150
arc
15.482,161.189
16.1891,161.189
16.1891,160.482
arc
5,150.707
5,150
5.70711,150
line
39.6482,30.3553
5,-4.29289
line
40.3553,29.6482
5.70711,-5
arc
39.6482,30.3553
40.3553,30.3553
40.3553,29.6482
arc
5,-4.29289
5,-5
5.70711,-5
line
39.6482,25.3553
5,-9.29289
line
40.3553,24.6482
5.70711,-10
arc
39.6482,25.3553
40.3553,25.3553
40.3553,24.6482
arc
5,-9.29289
5,-10
5.70711,-10
line
39.6482,20.3553
5,-14.2929
line
40.3553,19.6482
5.70711,-15
arc
39.6482,20.3553
40.3553,20.3553
40.3553,19.6482
arc
5,-14.2929
5,-15
5.70711,-15
line
39.6482,15.3553
5,-19.2929
line
40.3553,14.6482
5.70711,-20
arc
39.6482,15.3553
40.3553,15.3553
40.3553,14.6482
arc
5,-19.2929
5,-20
5.70711,-20
line
39.6482,10.3553
5,-24.2929
line
40.3553,9.64823
5.70711,-25
arc
39.6482,10.3553
40.3553,10.3553
40.3553,9.64823
arc
5,-24.2929
5,-25
5.70711,-25
line
39.6482,5.35534
5,-29.2929
line
40.3553,4.64823
5.70711,-30
arc
39.6482,5.35534
40.3553,5.35534
40.3553,4.64823
arc
5,-29.2929
5,-30
5.70711,-30
line
39.6482,0.355339
5,-34.2929
line
40.3553,-0.351768
5.70711,-35
arc
39.6482,0.355339
40.3553,0.355339
40.3553,-0.351768
arc
5,-34.2929
5,-35
5.70711,-35
line
39.6482,-4.64466
5,-39.2929
line
40.3553,-5.35177
5.70711,-40
arc
39.6482,-4.64466
40.3553,-4.64466
40.3553,-5.35177
arc
5,-39.2929
5,-40
5.70711,-40
line
39.6482,-9.64466
5,-44.2929
line
40.3553,-10.3518
5.70711,-45
arc
39.6482,-9.64466
40.3553,-9.64466
40.3553,-10.3518
arc
5,-44.2929
5,-45
5.70711,-45
line
39.6482,-14.6447
5,-49.2929
line
40.3553,-15.3518
5.70711,-50
arc
39.6482,-14.6447
40.3553,-14.6447
40.3553,-15.3518
arc
5,-49.2929
5,-50
5.70711,-50
line
39.6482,-19.6447
5,-54.2929
line
40.3553,-20.3518
5.70711,-55
arc
39.6482,-19.6447
40.3553,-19.6447
40.3553,-20.3518
arc
5,-54.2929
5,-55
5.70711,-55
line
39.6482,-24.6447
5,-59.2929
line
40.3553,-25.3518
5.70711,-60
arc
39.6482,-24.6447
40.3553,-24.6447
40.3553,-25.3518
arc
5,-59.2929
5,-60
5.70711,-60
line
39.6482,-29.6447
5,-64.2929
line
40.3553,-30.3518
5.70711,-65
arc
39.6482,-29.6447
40.3553,-29.6447
40.3553,-30.3518
arc
5,-64.2929
5,-65
5.70711,-65
line
39.6482,-34.6447
5,-69.2929
line
40.3553,-35.3518
5.70711,-70
arc
39.6482,-34.6447
40.3553,-34.6447
40.3553,-35.3518
arc
5,-69.2929
5,-70
5.70711,-70
line
39.6482,-39.6447
5,-74.2929
line
40.3553,-40.3518
5.70711,-75
arc
39.6482,-39.6447
40.3553,-39.6447
40.3553,-40.3518
arc
5,-74.2929
5,-75
5.70711,-75
line
39.6482,-44.6447
5,-79.2929
line
40.3553,-45.3518
5.70711,-80
arc
39.6482,-44.6447
40.3553,-44.6447
40.3553,-45.3518
arc
5,-79.2929
5,-80
5.70711,-80
line
39.6482,-49.6447
5,-84.2929
line
40.3553,-50.3518
5.70711,-85
arc
39.6482,-49.6447
40.3553,-49.6447
40.3553,-50.3518
arc
5,-84.2929
5,-85
5.70711,-85
line
39.6482,-54.6447
5,-89.2929
line
40.3553,-55.3518
5.70711,-90
arc
39.6482,-54.6447
40.3553,-54.6447
40.3553,-55.3518
arc
5,-89.2929
5,-90
5.70711,-90
line
39.6482,-59.6447
5,-94.2929
line
40.3553,-60.3518
5.70711,-95
arc
39.6482,-59.6447
40.3553,-59.6447
40.3553,-60.3518
arc
5,-94.2929
5,-95
5.70711,-95
line
39.6482,-64.6447
5,-99.2929
line
40.3553,-65.3518
5.70711,-100
arc
39.6482,-64.6447
40.3553,-64.6447
40.3553,-65.3518
arc
5,-99.2929
5,-100
5.70711,-100
line
39.6482,-69.6447
5,-104.293
line
40.3553,-70.3518
5.70711,-105
arc
39.6482,-69.6447
40.3553,-69.6447
40.3553,-70.3518
arc
5,-104.293
5,-105
5.70711,-105
line
39.6482,-74.6447
5,-109.293
line
40.3553,-75.3518
5.70711,-110
arc
39.6482,-74.6447
40.3553,-74.6447
40.3553,-75.3518
arc
5,-109.293
5,-110
5.70711,-110
line
39.6482,-79.6447
5,-114.293
line
40.3553,-80.3518
5.70711,-115
arc
39.6482,-79.6447
40.3553,-79.6447
40.3553,-80.3518
arc
5,-114.293
5,-115
5.70711,-115
line
39.6482,-84.6447
5,-119.293
line
40.3553,-85.3518
5.70711,-120
arc
39.6482,-84.6447
40.3553,-84.6447
40.3553,-85.3518
arc
5,-119.293
5,-120
5.70711,-120
line
39.6482,-89.6447
5,-124.293
line
40.3553,-90.3518
5.70711,-125
arc
39.6482,-89.6447
40.3553,-89.6447
40.3553,-90.3518
arc
5,-124.293
5,-125
5.70711,-125
line
39.6482,-94.6447
5,-129.293
line
40.3553,-95.3518
5.70711,-130
arc
39.6482,-94.6447
40.3553,-94.6447
40.3553,-95.3518
arc
5,-129.293
5,-130
5.70711,-130
line
39.6482,-99.6447
5,-134.293
line
40.3553,-100.352
5.70711,-135
arc
39.6482,-99.6447
40.3553,-99.6447
40.3553,-100.352
arc
5,-134.293
5,-135
5.70711,-135
line
39.6482,-104.645
5,-139.293
line
40.3553,-105.352
5.70711,-140
arc
39.6482,-104.645
40.3553,-104.645
40.3553,-105.352
arc
5,-139.293
5,-140
5.70711,-140
line
39.6482,-109.645
5,-144.293
line
40.3553,-110.352
5.70711,-145
arc
39.6482,-109.645
40.3553,-109.645
40.3553,-110.352
arc
5,-144.293
5,-145
5.70711,-145
line
39.6482,-114.645
5,-149.293
line
40.3553,-115.352
5.70711,-150
arc
39.6482,-114.645
40.3553,-114.645
40.3553,-115.352
arc
5,-149.293
5,-150
5.70711,-150
line
39.6482,-119.645
5,-154.293
line
40.3553,-120.352
5.70711,-155
arc
39.6482,-119.645
40.3553,-119.645
40.3553,-120.352
arc
5,-154.293
5,-155
5.70711,-155
line
39.6482,-124.645
5,-159.293
line
40.3553,-125.352
5.70711,-160
arc
39.6482,-124.645
40.3553,-124.645
40.3553,-125.352
arc
5,-159.293
5,-160
5.70711,-160
line
39.6482,-129.645
8.20807,-161.085
line
40.3553,-130.352
8.91518,-161.792
arc
39.6482,-129.645
40.3553,-129.645
40.3553,-130.352
arc
8.20807,-161.085
8.20807,-161.792
8.91518,-161.792
line
39.6482,-134.645
13.5693,-160.724
line
40.3553,-135.352
14.2764,-161.431
arc
39.6482,-134.645
40.3553,-134.645
40.3553,-135.352
arc
13.5693,-160.724
13.5693,-161.431
14.2764,-161.431
line
39.6482,-139.645
19.1339,-160.159
line
40.3553,-140.352
19.841,-160.866
arc
39.6482,-139.645
40.3553,-139.645
40.3553,-140.352
arc
19.1339,-160.159
19.1339,-160.866
19.841,-160.866
line
39.6482,-144.645
24.9297,-159.363
line
40.3553,-145.352
25.6368,-160.07
arc
39.6482,-144.645
40.3553,-144.645
40.3553,-145.352
arc
24.9297,-159.363
24.9297,-160.07
25.6368,-160.07
line
39.6482,-149.645
30.9922,-158.301
line
40.3553,-150.352
31.6993,-159.008
arc
39.6482,-149.645
40.3553,-149.645
40.3553,-150.352
arc
30.9922,-158.301
30.9922,-159.008
31.6993,-159.008
line
85.7107,-34.6482
51.0624,1.75381e-16
line
85.0036,-35.3553
50.3553,-0.707107
arc
85.7107,-34.6482
85.7107,-35.3553
85.0036,-35.3553
arc
51.0624,1.75381e-16
50.3553,0
50.3553,-0.707107
line
85.7107,-29.6482
51.0624,5
line
85.0036,-30.3553
50.3553,4.29289
arc
85.7107,-29.6482
85.7107,-30.3553
85.0036,-30.3553
arc
51.0624,5
50.3553,5
50.3553,4.29289
line
85.7107,-24.6482
51.0624,10
line
85.0036,-25.3553
50.3553,9.29289
arc
85.7107,-24.6482
85.7107,-25.3553
85.0036,-25.3553
arc
51.0624,10
50.3553,10
50.3553,9.29289
line
85.7107,-19.6482
51.0624,15
line
85.0036,-20.3553
50.3553,14.2929
arc
85.7107,-19.6482
85.7107,-20.3553
85.0036,-20.3553
arc
51.0624,15
50.3553,15
50.3553,14.2929
line
85.7107,-14.6482
51.0624,20
line
85.0036,-15.3553
50.3553,19.2929
arc
85.7107,-14.6482
85.7107,-15.3553
85.0036,-15.3553
arc
51.0624,20
50.3553,20
50.3553,19.2929
line
85.7107,-9.64823
51.0624,25
line
85.0036,-10.3553
50.3553,24.2929
arc
85.7107,-9.64823
85.7107,-10.3553
85.0036,-10.3553
arc
51.0624,25
50.3553,25
50.3553,24.2929
line
85.7107,-4.64823
51.0624,30
line
85.0036,-5.35534
50.3553,29.2929
arc
85.7107,-4.64823
85.7107,-5.35534
85.0036,-5.35534
arc
51.0624,30
50.3553,30
50.3553,29.2929
line
85.7107,0.351768
51.0624,35
line
85.0036,-0.355339
50.3553,34.2929
arc
85.7107,0.351768
85.7107,-0.355339
85.0036,-0.355339
arc
51.0624,35
50.3553,35
50.3553,34.2929
line
85.7107,5.35177
51.0624,40
line
85.0036,4.64466
50.3553,39.2929
arc
85.7107,5.35177
85.7107,4.64466
85.0036,4.64466
arc
51.0624,40
50.3553,40
50.3553,39.2929
line
85.7107,10.3518
51.0624,45
line
85.0036,9.64466
50.3553,44.2929
arc
85.7107,10.3518
85.7107,9.64466
85.0036,9.64466
arc
51.0624,45
50.3553,45
50.3553,44.2929
line
85.7107,15.3518
51.0624,50
line
85.0036,14.6447
50.3553,49.2929
arc
85.7107,15.3518
85.7107,14.6447
85.0036,14.6447
arc
51.0624,50
50.3553,50
50.3553,49.2929
line
85.7107,20.3518
51.0624,55
line
85.0036,19.6447
50.3553,54.2929
arc
85.7107,20.3518
85.7107,19.6447
85.0036,19.6447
arc
51.0624,55
50.3553,55
50.3553,54.2929
line
85.7107,25.3518
51.0624,60
line
85.0036,24.6447
50.3553,59.2929
arc
85.7107,25.3518
85.7107,24.6447
85.0036,24.6447
arc
51.0624,60
50.3553,60
50.3553,59.2929
line
85.7107,30.3518
51.0624,65
line
85.0036,29.6447
50.3553,64.2929
arc
85.7107,30.3518
85.7107,29.6447
85.0036,29.6447
arc
51.0624,65
50.3553,65
50.3553,64.2929
line
85.7107,35.3518
51.0624,70
line
85.0036,34.6447
50.3553,69.2929
arc
85.7107,35.3518
85.7107,34.6447
85.0036,34.6447
arc
51.0624,70
50.3553,70
50.3553,69.2929
line
85.7107,40.3518
51.0624,75
line
85.0036,39.6447
50.3553,74.2929
arc
85.7107,40.3518
85.7107,39.6447
85.0036,39.6447
arc
51.0624,75
50.3553,75
50.3553,74.2929
line
85.7107,45.3518
51.0624,80
line
85.0036,44.6447
50.3553,79.2929
arc
85.7107,45.3518
85.7107,44.6447
85.0036,44.6447
arc
51.0624,80
50.3553,80
50.3553,79.2929
line
85.7107,50.3518
51.0624,85
line
85.0036,49.6447
50.3553,84.2929
arc
85.7107,50.3518
85.7107,49.6447
85.0036,49.6447
arc
51.0624,85
50.3553,85
50.3553,84.2929
line
85.7107,55.3518
51.0624,90
line
85.0036,54.6447
50.3553,89.2929
arc
85.7107,55.3518
85.7107,54.6447
85.0036,54.6447
arc
51.0624,90
50.3553,90
50.3553,89.2929
line
85.7107,60.3518
51.0624,95
line
85.0036,59.6447
50.3553,94.2929
arc
85.7107,60.3518
85.7107,59.6447
85.0036,59.6447
arc
51.0624,95
50.3553,95
50.3553,94.2929
line
85.7107,65.3518
51.0624,100
line
85.0036,64.6447
50.3553,99.2929
arc
85.7107,65.3518
85.7107,64.6447
85.0036,64.6447
arc
51.0624,100
50.3553,100
50.3553,99.2929
line
85.7107,70.3518
51.0624,105
line
85.0036,69.6447
50.3553,104.293
arc
85.7107,70.3518
85.7107,69.6447
85.0036,69.6447
arc
51.0624,105
50.3553,105
50.3553,104.293
line
85.7107,75.3518
51.0624,110
line
85.0036,74.6447
50.3553,109.293
arc
85.7107,75.3518
85.7107,74.6447
85.0036,74.6447
arc
51.0624,110
50.3553,110
50.3553,109.293
line
85.7107,80.3518
51.0624,115
line
85.0036,79.6447
50.3553,114.293
arc
85.7107,80.3518
85.7107,79.6447
85.0036,79.6447
arc
51.0624,115
50.3553,115
50.3553,114.293
line
85.7107,85.3518
51.0624,120
line
85.0036,84.6447
50.3553,119.293
arc
85.7107,85.3518
85.7107,84.6447
85.0036,84.6447
arc
51.0624,120
50.3553,120
50.3553,119.293
line
85.7107,90.3518
51.0624,125
line
85.0036,89.6447
50.3553,124.293
arc
85.7107,90.3518
85.7107,89.6447
85.0036,89.6447
arc
51.0624,125
50.3553,125
50.3553,124.293
line
85.7107,95.3518
51.0624,130
line
85.0036,94.6447
50.3553,129.293
arc
85.7107,95.3518
85.7107,94.6447
85.0036,94.6447
arc
51.0624,130
50.3553,130
50.3553,129.293
line
85.7107,100.352
51.0624,135
line
85.0036,99.6447
50.3553,134.293
arc
85.7107,100.352
85.7107,99.6447
85.0036,99.6447
arc
51.0624,135
50.3553,135
50.3553,134.293
line
85.7107,105.352
51.0624,140
line
85.0036,104.645
50.3553,139.293
arc
85.7107,105.352
85.7107,104.645
85.0036,104.645
arc
51.0624,140
50.3553,140
50.3553,139.293
line
85.7107,110.352
51.0624,145
line
85.0036,109.645
50.3553,144.293
arc
85.7107,110.352
85.7107,109.645
85.0036,109.645
arc
51.0624,145
50.3553,145
50.3553,144.293
line
85.7107,115.352
51.0624,150
line
85.0036,114.645
50.3553,149.293
arc
85.7107,115.352
85.7107,114.645
85.0036,114.645
arc
51.0624,150
50.3553,150
50.3553,149.293
line
85.7107,120.352
52.598,153.464
line
85.0036,119.645
51.8909,152.757
arc
85.7107,120.352
85.7107,119.645
85.0036,119.645
arc
52.598,153.464
51.8909,153.464
51.8909,152.757
line
85.7107,125.352
60.5013,150.561
line
85.0036,124.645
59.7942,149.854
arc
85.7107,125.352
85.7107,124.645
85.0036,124.645
arc
60.5013,150.561
59.7942,150.561
59.7942,149.854
line
85.7107,130.352
69.3013,146.761
line
85.0036,129.645
68.5942,146.054
arc
85.7107,130.352
85.7107,129.645
85.0036,129.645
arc
69.3013,146.761
68.5942,146.761
68.5942,146.054
line
85.7107,-39.6482
51.0624,-5
line
85.0036,-40.3553
50.3553,-5.70711
arc
85.7107,-39.6482
85.7107,-40.3553
85.0036,-40.3553
arc
51.0624,-5
50.3553,-5
50.3553,-5.70711
line
85.7107,-44.6482
51.0624,-10
line
85.0036,-45.3553
50.3553,-10.7071
arc
85.7107,-44.6482
85.7107,-45.3553
85.0036,-45.3553
arc
51.0624,-10
50.3553,-10
50.3553,-10.7071
line
85.7107,-49.6482
51.0624,-15
line
85.0036,-50.3553
50.3553,-15.7071
arc
85.7107,-49.6482
85.7107,-50.3553
85.0036,-50.3553
arc
51.0624,-15
50.3553,-15
50.3553,-15.7071
line
85.7107,-54.6482
51.0624,-20
line
85.0036,-55.3553
50.3553,-20.7071
arc
85.7107,-54.6482
85.7107,-55.3553
85.0036,-55.3553
arc
51.0624,-20
50.3553,-20
50.3553,-20.7071
line
85.7107,-59.6482
51.0624,-25
line
85.0036,-60.3553
50.3553,-25.7071
arc
85.7107,-59.6482
85.7107,-60.3553
85.0036,-60.3553
arc
51.0624,-25
50.3553,-25
50.3553,-25.7071
line
85.7107,-64.6482
51.0624,-30
line
85.0036,-65.3553
50.3553,-30.7071
arc
85.7107,-64.6482
85.7107,-65.3553
85.0036,-65.3553
arc
51.0624,-30
50.3553,-30
50.3553,-30.7071
line
85.7107,-69.6482
51.0624,-35
line
85.0036,-70.3553
50.3553,-35.7071
arc
85.7107,-69.6482
85.7107,-70.3553
85.0036,-70.3553
arc
51.0624,-35
50.3553,-35
50.3553,-35.7071
line
85.7107,-74.6482
51.0624,-40
line
85.0036,-75.3553
50.3553,-40.7071
arc
85.7107,-74.6482
85.7107,-75.3553
85.0036,-75.3553
arc
51.0624,-40
50.3553,-40
50.3553,-40.7071
line
85.7107,-79.6482
51.0624,-45
line
85.0036,-80.3553
50.3553,-45.7071
arc
85.7107,-79.6482
85.7107,-80.3553
85.0036,-80.3553
arc
51.0624,-45
50.3553,-45
50.3553,-45.7071
line
85.7107,-84.6482
51.0624,-50
line
85.0036,-85.3553
50.3553,-50.7071
arc
85.7107,-84.6482
85.7107,-85.3553
85.0036,-85.3553
arc
51.0624,-50
50.3553,-50
50.3553,-50.7071
line
85.7107,-89.6482
51.0624,-55
line
85.0036,-90.3553
50.3553,-55.7071
arc
85.7107,-89.6482
85.7107,-90.3553
85.0036,-90.3553
arc
51.0624,-55
50.3553,-55
50.3553,-55.7071
line
85.7107,-94.6482
51.0624,-60
line
85.0036,-95.3553
50.3553,-60.7071
arc
85.7107,-94.6482
85.7107,-95.3553
85.0036,-95.3553
arc
51.0624,-60
50.3553,-60
50.3553,-60.7071
line
85.7107,-99.6482
51.0624,-65
line
85.0036,-100.355
50.3553,-65.7071
arc
85.7107,-99.6482
85.7107,-100.355
85.0036,-100.355
arc
51.0624,-65
50.3553,-65
50.3553,-65.7071
line
85.7107,-104.648
51.0624,-70
line
85.0036,-105.355
50.3553,-70.7071
arc
85.7107,-104.648
85.7107,-105.355
85.0036,-105.355
arc
51.0624,-70
50.3553,-70
50.3553,-70.7071
line
85.7107,-109.648
51.0624,-75
line
85.0036,-110.355
50.3553,-75.7071
arc
85.7107,-109.648
85.7107,-110.355
85.0036,-110.355
arc
51.0624,-75
50.3553,-75
50.3553,-75.7071
line
85.7107,-114.648
51.0624,-80
line
85.0036,-115.355
50.3553,-80.7071
arc
85.7107,-114.648
85.7107,-115.355
85.0036,-115.355
arc
51.0624,-80
50.3553,-80
50.3553,-80.7071
line
85.7107,-119.648
51.0624,-85
line
85.0036,-120.355
50.3553,-85.7071
arc
85.7107,-119.648
85.7107,-120.355
85.0036,-120.355
arc
51.0624,-85
50.3553,-85
50.3553,-85.7071
line
85.7107,-124.648
51.0624,-90
line
85.0036,-125.355
50.3553,-90.7071
arc
85.7107,-124.648
85.7107,-125.355
85.0036,-125.355
arc
51.0624,-90
50.3553,-90
50.3553,-90.7071
line
85.7107,-129.648
51.0624,-95
line
85.0036,-130.355
50.3553,-95.7071
arc
85.7107,-129.648
85.7107,-130.355
85.0036,-130.355
arc
51.0624,-95
50.3553,-95
50.3553,-95.7071
line
85.7107,-134.648
51.0624,-100
line
85.0036,-135.355
50.3553,-100.707
arc
85.7107,-134.648
85.7107,-135.355
85.0036,-135.355
arc
51.0624,-100
50.3553,-100
50.3553,-100.707
line
83.9229,-137.86
51.0624,-105
line
83.2157,-138.568
50.3553,-105.707
arc
83.9229,-137.86
83.9229,-138.568
83.2157,-138.568
arc
51.0624,-105
50.3553,-105
50.3553,-105.707
line
80.7789,-139.716
51.0624,-110
line
80.0718,-140.424
50.3553,-110.707
arc
80.7789,-139.716
80.7789,-140.424
80.0718,-140.424
arc
51.0624,-110
50.3553,-110
50.3553,-110.707
line
77.5743,-141.512
51.0624,-115
line
76.8672,-142.219
50.3553,-115.707
arc
77.5743,-141.512
77.5743,-142.219
76.8672,-142.219
arc
51.0624,-115
50.3553,-115
50.3553,-115.707
line
74.3079,-143.245
51.0624,-120
line
73.6008,-143.953
50.3553,-120.707
arc
74.3079,-143.245
74.3079,-143.953
73.6008,-143.953
arc
51.0624,-120
50.3553,-120
50.3553,-120.707
line
70.9784,-144.916
51.0624,-125
line
70.2713,-145.623
50.3553,-125.707
arc
70.9784,-144.916
70.9784,-145.623
70.2713,-145.623
arc
51.0624,-125
50.3553,-125
50.3553,-125.707
line
67.5843,-146.522
51.0624,-130
line
66.8772,-147.229
50.3553,-130.707
arc
67.5843,-146.522
67.5843,-147.229
66.8772,-147.229
arc
51.0624,-130
50.3553,-130
50.3553,-130.707
line
64.124,-148.062
51.0624,-135
line
63.4169,-148.769
50.3553,-135.707
arc
64.124,-148.062
64.124,-148.769
63.4169,-148.769
arc
51.0624,-135
50.3553,-135
50.3553,-135.707
line
60.5957,-149.533
51.0624,-140
line
59.8886,-150.24
50.3553,-140.707
arc
60.5957,-149.533
60.5957,-150.24
59.8886,-150.24
arc
51.0624,-140
50.3553,-140
50.3553,-140.707
line
130.359,35.3553
95.7107,0.707107
line
131.066,34.6482
96.4178,-8.76905e-17
arc
130.359,35.3553
131.066,35.3553
131.066,34.6482
arc
95.7107,0.707107
95.7107,0
96.4178,-8.76905e-17
line
130.359,40.3553
95.7107,5.70711
line
131.066,39.6482
96.4178,5
arc
130.359,40.3553
131.066,40.3553
131.066,39.6482
arc
95.7107,5.70711
95.7107,5
96.4178,5
line
130.359,45.3553
95.7107,10.7071
line
131.066,44.6482
96.4178,10
arc
130.359,45.3553
131.066,45.3553
131.066,44.6482
arc
95.7107,10.7071
95.7107,10
96.4178,10
line
130.359,50.3553
95.7107,15.7071
line
131.066,49.6482
96.4178,15
arc
130.359,50.3553
131.066,50.3553
131.066,49.6482
arc
95.7107,15.7071
95.7107,15
96.4178,15
line
130.359,55.3553
95.7107,20.7071
line
131.066,54.6482
96.4178,20
arc
130.359,55.3553
131.066,55.3553
131.066,54.6482
arc
95.7107,20.7071
95.7107,20
96.4178,20
line
130.359,60.3553
95.7107,25.7071
line
131.066,59.6482
96.4178,25
arc
130.359,60.3553
131.066,60.3553
131.066,59.6482
arc
95.7107,25.7071
95.7107,25
96.4178,25
line
130.359,65.3553
95.7107,30.7071
line
131.066,64.6482
96.4178,30
arc
130.359,65.3553
131.066,65.3553
131.066,64.6482
arc
95.7107,30.7071
95.7107,30
96.4178,30
line
130.359,70.3553
95.7107,35.7071
line
131.066,69.6482
96.4178,35
arc
130.359,70.3553
131.066,70.3553
131.066,69.6482
arc
95.7107,35.7071
95.7107,35
96.4178,35
line
130.359,75.3553
95.7107,40.7071
line
131.066,74.6482
96.4178,40
arc
130.359,75.3553
131.066,75.3553
131.066,74.6482
arc
95.7107,40.7071
95.7107,40
96.4178,40
line
130.359,80.3553
95.7107,45.7071
line
131.066,79.6482
96.4178,45
arc
130.359,80.3553
131.066,80.3553
131.066,79.6482
arc
95.7107,45.7071
95.7107,45
96.4178,45
line
130.359,85.3553
95.7107,50.7071
line
131.066,84.6482
96.4178,50
arc
130.359,85.3553
131.066,85.3553
131.066,84.6482
arc
95.7107,50.7071
95.7107,50
96.4178,50
line
130.359,90.3553
95.7107,55.7071
line
131.066,89.6482
96.4178,55
arc
130.359,90.3553
131.066,90.3553
131.066,89.6482
arc
95.7107,55.7071
95.7107,55
96.4178,55
line
130.299,95.2958
95.7107,60.7071
line
131.007,94.5887
96.4178,60
arc
130.299,95.2958
131.007,95.2958
131.007,94.5887
arc
95.7107,60.7071
95.7107,60
96.4178,60
line
128.166,98.1621
95.7107,65.7071
line
128.873,97.455
96.4178,65
arc
128.166,98.1621
128.873,98.1621
128.873,97.455
arc
95.7107,65.7071
95.7107,65
96.4178,65
line
125.976,100.972
95.7107,70.7071
line
126.683,100.265
96.4178,70
arc
125.976,100.972
126.683,100.972
126.683,100.265
arc
95.7107,70.7071
95.7107,70
96.4178,70
line
123.731,103.727
95.7107,75.7071
line
124.438,103.02
96.4178,75
arc
123.731,103.727
124.438,103.727
124.438,103.02
arc
95.7107,75.7071
95.7107,75
96.4178,75
line
121.43,106.426
95.7107,80.7071
line
122.137,105.719
96.4178,80
arc
121.43,106.426
122.137,106.426
122.137,105.719
arc
95.7107,80.7071
95.7107,80
96.4178,80
line
119.074,109.071
95.7107,85.7071
line
119.781,108.364
96.4178,85
arc
119.074,109.071
119.781,109.071
119.781,108.364
arc
95.7107,85.7071
95.7107,85
96.4178,85
line
116.664,111.66
95.7107,90.7071
line
117.371,110.953
96.4178,90
arc
116.664,111.66
117.371,111.66
117.371,110.953
arc
95.7107,90.7071
95.7107,90
96.4178,90
line
114.199,114.195
95.7107,95.7071
line
114.906,113.488
96.4178,95
arc
114.199,114.195
114.906,114.195
114.906,113.488
arc
95.7107,95.7071
95.7107,95
96.4178,95
line
111.679,116.676
95.7107,100.707
line
112.387,115.969
96.4178,100
arc
111.679,116.676
112.387,116.676
112.387,115.969
arc
95.7107,100.707
95.7107,100
96.4178,100
line
109.105,119.102
95.7107,105.707
line
109.812,118.395
96.4178,105
arc
109.105,119.102
109.812,119.102
109.812,118.395
arc
95.7107,105.707
95.7107,105
96.4178,105
line
106.477,121.473
95.7107,110.707
line
107.184,120.766
96.4178,110
arc
106.477,121.473
107.184,121.473
107.184,120.766
arc
95.7107,110.707
95.7107,110
96.4178,110
line
103.793,123.789
95.7107,115.707
line
104.5,123.082
96.4178,115
arc
103.793,123.789
104.5,123.789
104.5,123.082
arc
95.7107,115.707
95.7107,115
96.4178,115
line
130.359,30.3553
95.7107,-4.29289
line
131.066,29.6482
96.4178,-5
arc
130.359,30.3553
131.066,30.3553
131.066,29.6482
arc
95.7107,-4.29289
95.7107,-5
96.4178,-5
line
130.359,25.3553
95.7107,-9.29289
line
131.066,24.6482
96.4178,-10
arc
130.359,25.3553
131.066,25.3553
131.066,24.6482
arc
95.7107,-9.29289
95.7107,-10
96.4178,-10
line
130.359,20.3553
95.7107,-14.2929
line
131.066,19.6482
96.4178,-15
arc
130.359,20.3553
131.066,20.3553
131.066,19.6482
arc
95.7107,-14.2929
95.7107,-15
96.4178,-15
line
130.359,15.3553
95.7107,-19.2929
line
131.066,14.6482
96.4178,-20
arc
130.359,15.3553
131.066,15.3553
131.066,14.6482
arc
95.7107,-19.2929
95.7107,-20
96.4178,-20
line
130.359,10.3553
95.7107,-24.2929
line
131.066,9.64823
96.4178,-25
arc
130.359,10.3553
131.066,10.3553
131.066,9.64823
arc
95.7107,-24.2929
95.7107,-25
96.4178,-25
line
130.359,5.35534
95.7107,-29.2929
line
131.066,4.64823
96.4178,-30
arc
130.359,5.35534
131.066,5.35534
131.066,4.64823
arc
95.7107,-29.2929
95.7107,-30
96.4178,-30
line
130.359,0.355339
95.7107,-34.2929
line
131.066,-0.351768
96.4178,-35
arc
130.359,0.355339
131.066,0.355339
131.066,-0.351768
arc
95.7107,-34.2929
95.7107,-35
96.4178,-35
line
130.359,-4.64466
95.7107,-39.2929
line
131.066,-5.35177
96.4178,-40
arc
130.359,-4.64466
131.066,-4.64466
131.066,-5.35177
arc
95.7107,-39.2929
95.7107,-40
96.4178,-40
line
130.359,-9.64466
95.7107,-44.2929
line
131.066,-10.3518
96.4178,-45
arc
130.359,-9.64466
131.066,-9.64466
131.066,-10.3518
arc
95.7107,-44.2929
95.7107,-45
96.4178,-45
line
130.359,-14.6447
95.7107,-49.2929
line
131.066,-15.3518
96.4178,-50
arc
130.359,-14.6447
131.066,-14.6447
131.066,-15.3518
arc
95.7107,-49.2929
95.7107,-50
96.4178,-50
line
130.359,-19.6447
95.7107,-54.2929
line
131.066,-20.3518
96.4178,-55
arc
130.359,-19.6447
131.066,-19.6447
131.066,-20.3518
arc
95.7107,-54.2929
95.7107,-55
96.4178,-55
line
130.359,-24.6447
95.7107,-59.2929
line
131.066,-25.3518
96.4178,-60
arc
130.359,-24.6447
131.066,-24.6447
131.066,-25.3518
arc
95.7107,-59.2929
95.7107,-60
96.4178,-60
line
130.359,-29.6447
95.7107,-64.2929
line
131.066,-30.3518
96.4178,-65
arc
130.359,-29.6447
131.066,-29.6447
131.066,-30.3518
arc
95.7107,-64.2929
95.7107,-65
96.4178,-65
line
130.359,-34.6447
95.7107,-69.2929
line
131.066,-35.3518
96.4178,-70
arc
130.359,-34.6447
131.066,-34.6447
131.066,-35.3518
arc
95.7107,-69.2929
95.7107,-70
96.4178,-70
line
130.359,-39.6447
95.7107,-74.2929
line
131.066,-40.3518
96.4178,-75
arc
130.359,-39.6447
131.066,-39.6447
131.066,-40.3518
arc
95.7107,-74.2929
95.7107,-75
96.4178,-75
line
130.359,-44.6447
95.7107,-79.2929
line
131.066,-45.3518
96.4178,-80
arc
130.359,-44.6447
131.066,-44.6447
131.066,-45.3518
arc
95.7107,-79.2929
95.7107,-80
96.4178,-80
line
130.359,-49.6447
95.7107,-84.2929
line
131.066,-50.3518
96.4178,-85
arc
130.359,-49.6447
131.066,-49.6447
131.066,-50.3518
arc
95.7107,-84.2929
95.7107,-85
96.4178,-85
line
130.359,-54.6447
95.7107,-89.2929
line
131.066,-55.3518
96.4178,-90
arc
130.359,-54.6447
131.066,-54.6447
131.066,-55.3518
arc
95.7107,-89.2929
95.7107,-90
96.4178,-90
line
130.359,-59.6447
95.7107,-94.2929
line
131.066,-60.3518
96.4178,-95
arc
130.359,-59.6447
131.066,-59.6447
131.066,-60.3518
arc
95.7107,-94.2929
95.7107,-95
96.4178,-95
line
130.359,-64.6447
95.7107,-99.2929
line
131.066,-65.3518
96.4178,-100
arc
130.359,-64.6447
131.066,-64.6447
131.066,-65.3518
arc
95.7107,-99.2929
95.7107,-100
96.4178,-100
line
130.359,-69.6447
95.7107,-104.293
line
131.066,-70.3518
96.4178,-105
arc
130.359,-69.6447
131.066,-69.6447
131.066,-70.3518
arc
95.7107,-104.293
95.7107,-105
96.4178,-105
line
130.359,-74.6447
95.7107,-109.293
line
131.066,-75.3518
96.4178,-110
arc
130.359,-74.6447
131.066,-74.6447
131.066,-75.3518
arc
95.7107,-109.293
95.7107,-110
96.4178,-110
line
130.359,-79.6447
95.7107,-114.293
line
131.066,-80.3518
96.4178,-115
arc
130.359,-79.6447
131.066,-79.6447
131.066,-80.3518
arc
95.7107,-114.293
95.7107,-115
96.4178,-115
line
130.359,-84.6447
95.7107,-119.293
line
131.066,-85.3518
96.4178,-120
arc
130.359,-84.6447
131.066,-84.6447
131.066,-85.3518
arc
95.7107,-119.293
95.7107,-120
96.4178,-120
line
130.359,-89.6447
95.7107,-124.293
line
131.066,-90.3518
96.4178,-125
arc
130.359,-89.6447
131.066,-89.6447
131.066,-90.3518
arc
95.7107,-124.293
95.7107,-125
96.4178,-125
line
130.359,-94.6447
95.7107,-129.293
line
131.066,-95.3518
96.4178,-130
arc
130.359,-94.6447
131.066,-94.6447
131.066,-95.3518
arc
95.7107,-129.293
95.7107,-130
96.4178,-130
line
160.794,-19.0211
141.773,7.89215e-16
line
160.087,-19.7282
141.066,-0.707107
arc
160.794,-19.0211
160.794,-19.7282
160.087,-19.7282
arc
141.773,7.89215e-16
141.066,0
141.066,-0.707107
line
161.284,-14.5105
141.773,5
line
160.577,-15.2177
141.066,4.29289
arc
161.284,-14.5105
161.284,-15.2177
160.577,-15.2177
arc
141.773,5
141.066,5
141.066,4.29289
line
161.654,-9.88052
141.773,10
line
160.947,-10.5876
141.066,9.29289
arc
161.654,-9.88052
161.654,-10.5876
160.947,-10.5876
arc
141.773,10
141.066,10
141.066,9.29289
line
161.895,-5.12197
141.773,15
line
161.188,-5.82908
141.066,14.2929
arc
161.895,-5.12197
161.895,-5.82908
161.188,-5.82908
arc
141.773,15
141.066,15
141.066,14.2929
line
161.997,-0.224199
141.773,20
line
161.29,-0.931306
141.066,19.2929
arc
161.997,-0.224199
161.997,-0.931306
161.29,-0.931306
arc
141.773,20
141.066,20
141.066,19.2929
line
161.948,4.82548
141.773,25
line
161.241,4.11837
141.066,24.2929
arc
161.948,4.82548
161.948,4.11837
161.241,4.11837
arc
141.773,25
141.066,25
141.066,24.2929
line
161.731,10.0423
141.773,30
line
161.024,9.33521
141.066,29.2929
arc
161.731,10.0423
161.731,9.33521
161.024,9.33521
arc
141.773,30
141.066,30
141.066,29.2929
line
161.328,15.4449
141.773,35
line
160.621,14.7378
141.066,34.2929
arc
161.328,15.4449
161.328,14.7378
160.621,14.7378
arc
141.773,35
141.066,35
141.066,34.2929
line
160.717,21.0563
141.773,40
line
160.01,20.3491
141.066,39.2929
arc
160.717,21.0563
160.717,20.3491
160.01,20.3491
arc
141.773,40
141.066,40
141.066,39.2929
line
159.868,26.9055
141.773,45
line
159.16,26.1984
141.066,44.2929
arc
159.868,26.9055
159.868,26.1984
159.16,26.1984
arc
141.773,45
141.066,45
141.066,44.2929
line
158.743,33.0306
141.773,50
line
158.035,32.3235
141.066,49.2929
arc
158.743,33.0306
158.743,32.3235
158.035,32.3235
arc
141.773,50
141.066,50
141.066,49.2929
line
157.291,39.482
141.773,55
line
156.584,38.7749
141.066,54.2929
arc
157.291,39.482
157.291,38.7749
156.584,38.7749
arc
141.773,55
141.066,55
141.066,54.2929
line
155.443,46.3301
141.773,60
line
154.736,45.623
141.066,59.2929
arc
155.443,46.3301
155.443,45.623
154.736,45.623
arc
141.773,60
141.066,60
141.066,59.2929
line
153.095,53.6782
141.773,65
line
152.388,52.9711
141.066,64.2929
arc
153.095,53.6782
153.095,52.9711
152.388,52.9711
arc
141.773,65
141.066,65
141.066,64.2929
line
150.084,61.6892
141.773,70
line
149.377,60.9821
141.066,69.2929
arc
150.084,61.6892
150.084,60.9821
149.377,60.9821
arc
141.773,70
141.066,70
141.066,69.2929
line
160.193,-23.4201
141.773,-5
line
159.486,-24.1272
141.066,-5.70711
arc
160.193,-23.4201
160.193,-24.1272
159.486,-24.1272
arc
141.773,-5
141.066,-5
141.066,-5.70711
line
159.487,-27.7143
141.773,-10
line
158.78,-28.4214
141.066,-10.7071
arc
159.487,-27.7143
159.487,-28.4214
158.78,-28.4214
arc
141.773,-10
141.066,-10
141.066,-10.7071
line
158.683,-31.9095
141.773,-15
line
157.975,-32.6166
141.066,-15.7071
arc
158.683,-31.9095
158.683,-32.6166
157.975,-32.6166
arc
141.773,-15
141.066,-15
141.066,-15.7071
line
157.784,-36.0109
141.773,-20
line
157.077,-36.718
141.066,-20.7071
arc
157.784,-36.0109
157.784,-36.718
157.077,-36.718
arc
141.773,-20
141.066,-20
141.066,-20.7071
line
156.796,-40.0231
141.773,-25
line
156.089,-40.7302
141.066,-25.7071
arc
156.796,-40.0231
156.796,-40.7302
156.089,-40.7302
arc
141.773,-25
141.066,-25
141.066,-25.7071
line
155.723,-43.9501
141.773,-30
line
155.016,-44.6572
141.066,-30.7071
arc
155.723,-43.9501
155.723,-44.6572
155.016,-44.6572
arc
141.773,-30
141.066,-30
141.066,-30.7071
line
154.569,-47.7956
141.773,-35
line
153.862,-48.5027
141.066,-35.7071
arc
154.569,-47.7956
154.569,-48.5027
153.862,-48.5027
arc
141.773,-35
141.066,-35
141.066,-35.7071
line
153.336,-51.5627
141.773,-40
line
152.629,-52.2698
141.066,-40.7071
arc
153.336,-51.5627
153.336,-52.2698
152.629,-52.2698
arc
141.773,-40
141.066,-40
141.066,-40.7071
line
152.027,-55.2543
141.773,-45
line
151.32,-55.9614
141.066,-45.7071
arc
152.027,-55.2543
152.027,-55.9614
151.32,-55.9614
arc
141.773,-45
141.066,-45
141.066,-45.7071
line
150.646,-58.8729
141.773,-50
line
149.939,-59.58
141.066,-50.7071
arc
150.646,-58.8729
150.646,-59.58
149.939,-59.58
arc
141.773,-50
141.066,-50
141.066,-50.7071
line
149.194,-62.4209
141.773,-55
line
148.487,-63.128
141.066,-55.7071
arc
149.194,-62.4209
149.194,-63.128
148.487,-63.128
arc
141.773,-55
141.066,-55
141.066,-55.7071
line
-40.3553,34.6482
-5.70711,8.65956e-17
line
-39.6482,35.3553
-5,0.707107
arc
-40.3553,34.6482
-40.3553,35.3553
-39.6482,35.3553
arc
-5.70711,8.65956e-17
-5,0
-5,0.707107
line
-40.3553,39.6482
-5.70711,5
line
-39.6482,40.3553
-5,5.70711
arc
-40.3553,39.6482
-40.3553,40.3553
-39.6482,40.3553
arc
-5.70711,5
-5,5
-5,5.70711
line
-40.3553,44.6482
-5.70711,10
line
-39.6482,45.3553
-5,10.7071
arc
-40.3553,44.6482
-40.3553,45.3553
-39.6482,45.3553
arc
-5.70711,10
-5,10
-5,10.7071
line
-40.3553,49.6482
-5.70711,15
line
-39.6482,50.3553
-5,15.7071
arc
-40.3553,49.6482
-40.3553,50.3553
-39.6482,50.3553
arc
-5.70711,15
-5,15
-5,15.7071
line
-40.3553,54.6482
-5.70711,20
line
-39.6482,55.3553
-5,20.7071
arc
-40.3553,54.6482
-40.3553,55.3553
-39.6482,55.3553
arc
-5.70711,20
-5,20
-5,20.7071
line
-40.3553,59.6482
-5.70711,25
line
-39.6482,60.3553
-5,25.7071
arc
-40.3553,59.6482
-40.3553,60.3553
-39.6482,60.3553
arc
-5.70711,25
-5,25
-5,25.7071
line
-40.3553,64.6482
-5.70711,30
line
-39.6482,65.3553
-5,30.7071
arc
-40.3553,64.6482
-40.3553,65.3553
-39.6482,65.3553
arc
-5.70711,30
-5,30
-5,30.7071
line
-40.3553,69.6482
-5.70711,35
line
-39.6482,70.3553
-5,35.7071
arc
-40.3553,69.6482
-40.3553,70.3553
-39.6482,70.3553
arc
-5.70711,35
-5,35
-5,35.7071
line
-40.3553,74.6482
-5.70711,40
line
-39.6482,75.3553
-5,40.7071
arc
-40.3553,74.6482
-40.3553,75.3553
-39.6482,75.3553
arc
-5.70711,40
-5,40
-5,40.7071
line
-40.3553,79.6482
-5.70711,45
line
-39.6482,80.3553
-5,45.7071
arc
-40.3553,79.6482
-40.3553,80.3553
-39.6482,80.3553
arc
-5.70711,45
-5,45
-5,45.7071
line
-40.3553,84.6482
-5.70711,50
line
-39.6482,85.3553
-5,50.7071
arc
-40.3553,84.6482
-40.3553,85.3553
-39.6482,85.3553
arc
-5.70711,50
-5,50
-5,50.7071
line
-40.3553,89.6482
-5.70711,55
line
-39.6482,90.3553
-5,55.7071
arc
-40.3553,89.6482
-40.3553,90.3553
-39.6482,90.3553
arc
-5.70711,55
-5,55
-5,55.7071
line
-40.3553,94.6482
-5.70711,60
line
-39.6482,95.3553
-5,60.7071
arc
-40.3553,94.6482
-40.3553,95.3553
-39.6482,95.3553
arc
-5.70711,60
-5,60
-5,60.7071
line
-40.3553,99.6482
-5.70711,65
line
-39.6482,100.355
-5,65.7071
arc
-40.3553,99.6482
-40.3553,100.355
-39.6482,100.355
arc
-5.70711,65
-5,65
-5,65.7071
line
-40.3553,104.648
-5.70711,70
line
-39.6482,105.355
-5,70.7071
arc
-40.3553,104.648
-40.3553,105.355
-39.6482,105.355
arc
-5.70711,70
-5,70
-5,70.7071
line
-40.3553,109.648
-5.70711,75
line
-39.6482,110.355
-5,75.7071
arc
-40.3553,109.648
-40.3553,110.355
-39.6482,110.355
arc
-5.70711,75
-5,75
-5,75.7071
line
-40.3553,114.648
-5.70711,80
line
-39.6482,115.355
-5,80.7071
arc
-40.3553,114.648
-40.3553,115.355
-39.6482,115.355
arc
-5.70711,80
-5,80
-5,80.7071
line
-40.3553,119.648
-5.70711,85
line
-39.6482,120.355
-5,85.7071
arc
-40.3553,119.648
-40.3553,120.355
-39.6482,120.355
arc
-5.70711,85
-5,85
-5,85.7071
line
-40.3553,124.648
-5.70711,90
line
-39.6482,125.355
-5,90.7071
arc
-40.3553,124.648
-40.3553,125.355
-39.6482,125.355
arc
-5.70711,90
-5,90
-5,90.7071
line
-40.3553,129.648
-5.70711,95
line
-39.6482,130.355
-5,95.7071
arc
-40.3553,129.648
-40.3553,130.355
-39.6482,130.355
arc
-5.70711,95
-5,95
-5,95.7071
line
-40.3553,134.648
-5.70711,100
line
-39.6482,135.355
-5,100.707
arc
-40.3553,134.648
-40.3553,135.355
-39.6482,135.355
arc
-5.70711,100
-5,100
-5,100.707
line
-40.3553,139.648
-5.70711,105
line
-39.6482,140.355
-5,105.707
arc
-40.3553,139.648
-40.3553,140.355
-39.6482,140.355
arc
-5.70711,105
-5,105
-5,105.707
line
-40.3553,144.648
-5.70711,110
line
-39.6482,145.355
-5,110.707
arc
-40.3553,144.648
-40.3553,145.355
-39.6482,145.355
arc
-5.70711,110
-5,110
-5,110.707
line
-40.3553,149.648
-5.70711,115
line
-39.6482,150.355
-5,115.707
arc
-40.3553,149.648
-40.3553,150.355
-39.6482,150.355
arc
-5.70711,115
-5,115
-5,115.707
line
-40.3553,154.648
-5.70711,120
line
-39.6482,155.355
-5,120.707
arc
-40.3553,154.648
-40.3553,155.355
-39.6482,155.355
arc
-5.70711,120
-5,120
-5,120.707
line
-37.5807,156.874
-5.70711,125
line
-36.8736,157.581
-5,125.707
arc
-37.5807,156.874
-37.5807,157.581
-36.8736,157.581
arc
-5.70711,125
-5,125
-5,125.707
line
-33.4987,157.792
-5.70711,130
line
-32.7916,158.499
-5,130.707
arc
-33.4987,157.792
-33.4987,158.499
-32.7916,158.499
arc
-5.70711,130
-5,130
-5,130.707
line
-29.3239,158.617
-5.70711,135
line
-28.6168,159.324
-5,135.707
arc
-29.3239,158.617
-29.3239,159.324
-28.6168,159.324
arc
-5.70711,135
-5,135
-5,135.707
line
-25.0513,159.344
-5.70711,140
line
-24.3442,160.051
-5,140.707
arc
-25.0513,159.344
-25.0513,160.051
-24.3442,160.051
arc
-5.70711,140
-5,140
-5,140.707
line
-20.6752,159.968
-5.70711,145
line
-19.9681,160.675
-5,145.707
arc
-20.6752,159.968
-20.6752,160.675
-19.9681,160.675
arc
-5.70711,145
-5,145
-5,145.707
line
-16.1891,160.482
-5.70711,150
line
-15.482,161.189
-5,150.707
arc
-16.1891,160.482
-16.1891,161.189
-15.482,161.189
arc
-5.70711,150
-5,150
-5,150.707
line
-40.3553,29.6482
-5.70711,-5
line
-39.6482,30.3553
-5,-4.29289
arc
-40.3553,29.6482
-40.3553,30.3553
-39.6482,30.3553
arc
-5.70711,-5
-5,-5
-5,-4.29289
line
-40.3553,24.6482
-5.70711,-10
line
-39.6482,25.3553
-5,-9.29289
arc
-40.3553,24.6482
-40.3553,25.3553
-39.6482,25.3553
arc
-5.70711,-10
-5,-10
-5,-9.29289
line
-40.3553,19.6482
-5.70711,-15
line
-39.6482,20.3553
-5,-14.2929
arc
-40.3553,19.6482
-40.3553,20.3553
-39.6482,20.3553
arc
-5.70711,-15
-5,-15
-5,-14.2929
line
-40.3553,14.6482
-5.70711,-20
line
-39.6482,15.3553
-5,-19.2929
arc
-40.3553,14.6482
-40.3553,15.3553
-39.6482,15.3553
arc
-5.70711,-20
-5,-20
-5,-19.2929
line
-40.3553,9.64823
-5.70711,-25
line
-39.6482,10.3553
-5,-24.2929
arc
-40.3553,9.64823
-40.3553,10.3553
-39.6482,10.3553
arc
-5.70711,-25
-5,-25
-5,-24.2929
line
-40.3553,4.64823
-5.70711,-30
line
-39.6482,5.35534
-5,-29.2929
arc
-40.3553,4.64823
-40.3553,5.35534
-39.6482,5.35534
arc
-5.70711,-30
-5,-30
-5,-29.2929
line
-40.3553,-0.351768
-5.70711,-35
line
-39.6482,0.355339
-5,-34.2929
arc
-40.3553,-0.351768
-40.3553,0.355339
-39.6482,0.355339
arc
-5.70711,-35
-5,-35
-5,-34.2929
line
-40.3553,-5.35177
-5.70711,-40
line
-39.6482,-4.64466
-5,-39.2929
arc
-40.3553,-5.35177
-40.3553,-4.64466
-39.6482,-4.64466
arc
-5.70711,-40
-5,-40
-5,-39.2929
line
-40.3553,-10.3518
-5.70711,-45
line
-39.6482,-9.64466
-5,-44.2929
arc
-40.3553,-10.3518
-40.3553,-9.64466
-39.6482,-9.64466
arc
-5.70711,-45
-5,-45
-5,-44.2929
line
-40.3553,-15.3518
-5.70711,-50
line
-39.6482,-14.6447
-5,-49.2929
arc
-40.3553,-15.3518
-40.3553,-14.6447
-39.6482,-14.6447
arc
-5.70711,-50
-5,-50
-5,-49.2929
line
-40.3553,-20.3518
-5.70711,-55
line
-39.6482,-19.6447
-5,-54.2929
arc
-40.3553,-20.3518
-40.3553,-19.6447
-39.6482,-19.6447
arc
-5.70711,-55
-5,-55
-5,-54.2929
line
-40.3553,-25.3518
-5.70711,-60
line
-39.6482,-24.6447
-5,-59.2929
arc
-40.3553,-25.3518
-40.3553,-24.6447
-39.6482,-24.6447
arc
-5.70711,-60
-5,-60
-5,-59.2929
line
-40.3553,-30.3518
-5.70711,-65
line
-39.6482,-29.6447
-5,-64.2929
arc
-40.3553,-30.3518
-40.3553,-29.6447
-39.6482,-29.6447
arc
-5.70711,-65
-5,-65
-5,-64.2929
line
-40.3553,-35.3518
-5.70711,-70
line
-39.6482,-34.6447
-5,-69.2929
arc
-40.3553,-35.3518
-40.3553,-34.6447
-39.6482,-34.6447
arc
-5.70711,-70
-5,-70
-5,-69.2929
line
-40.3553,-40.3518
-5.70711,-75
line
-39.6482,-39.6447
-5,-74.2929
arc
-40.3553,-40.3518
-40.3553,-39.6447
-39.6482,-39.6447
arc
-5.70711,-75
-5,-75
-5,-74.2929
line
-40.3553,-45.3518
-5.70711,-80
line
-39.6482,-44.6447
-5,-79.2929
arc
-40.3553,-45.3518
-40.3553,-44.6447
-39.6482,-44.6447
arc
-5.70711,-80
-5,-80
-5,-79.2929
line
-40.3553,-50.3518
-5.70711,-85
line
-39.6482,-49.6447
-5,-84.2929
arc
-40.3553,-50.3518
-40.3553,-49.6447
-39.6482,-49.6447
arc
-5.70711,-85
-5,-85
-5,-84.2929
line
-40.3553,-55.3518
-5.70711,-90
line
-39.6482,-54.6447
-5,-89.2929
arc
-40.3553,-55.3518
-40.3553,-54.6447
-39.6482,-54.6447
arc
-5.70711,-90
-5,-90
-5,-89.2929
line
-40.3553,-60.3518
-5.70711,-95
line
-39.6482,-59.6447
-5,-94.2929
arc
-40.3553,-60.3518
-40.3553,-59.6447
-39.6482,-59.6447
arc
-5.70711,-95
-5,-95
-5,-94.2929
line
-40.3553,-65.3518
-5.70711,-100
line
-39.6482,-64.6447
-5,-99.2929
arc
-40.3553,-65.3518
-40.3553,-64.6447
-39.6482,-64.6447
arc
-5.70711,-100
-5,-100
-5,-99.2929
line
-40.3553,-70.3518
-5.70711,-105
line
-39.6482,-69.6447
-5,-104.293
arc
-40.3553,-70.3518
-40.3553,-69.6447
-39.6482,-69.6447
arc
-5.70711,-105
-5,-105
-5,-104.293
line
-40.3553,-75.3518
-5.70711,-110
line
-39.6482,-74.6447
-5,-109.293
arc
-40.3553,-75.3518
-40.3553,-74.6447
-39.6482,-74.6447
arc
-5.70711,-110
-5,-110
-5,-109.293
line
-40.3553,-80.3518
-5.70711,-115
line
-39.6482,-79.6447
-5,-114.293
arc
-40.3553,-80.3518
-40.3553,-79.6447
-39.6482,-79.6447
arc
-5.70711,-115
-5,-115
-5,-114.293
line
-40.3553,-85.3518
-5.70711,-120
line
-39.6482,-84.6447
-5,-119.293
arc
-40.3553,-85.3518
-40.3553,-84.6447
-39.6482,-84.6447
arc
-5.70711,-120
-5,-120
-5,-119.293
line
-40.3553,-90.3518
-5.70711,-125
line
-39.6482,-89.6447
-5,-124.293
arc
-40.3553,-90.3518
-40.3553,-89.6447
-39.6482,-89.6447
arc
-5.70711,-125
-5,-125
-5,-124.293
line
-40.3553,-95.3518
-5.70711,-130
line
-39.6482,-94.6447
-5,-129.293
arc
-40.3553,-95.3518
-40.3553,-94.6447
-39.6482,-94.6447
arc
-5.70711,-130
-5,-130
-5,-129.293
line
-40.3553,-100.352
-5.70711,-135
line
-39.6482,-99.6447
-5,-134.293
arc
-40.3553,-100.352
-40.3553,-99.6447
-39.6482,-99.6447
arc
-5.70711,-135
-5,-135
-5,-134.293
line
-40.3553,-105.352
-5.70711,-140
line
-39.6482,-104.645
-5,-139.293
arc
-40.3553,-105.352
-40.3553,-104.645
-39.6482,-104.645
arc
-5.70711,-140
-5,-140
-5,-139.293
line
-40.3553,-110.352
-5.70711,-145
line
-39.6482,-109.645
-5,-144.293
arc
-40.3553,-110.352
-40.3553,-109.645
-39.6482,-109.645
arc
-5.70711,-145
-5,-145
-5,-144.293
line
-40.3553,-115.352
-5.70711,-150
line
-39.6482,-114.645
-5,-149.293
arc
-40.3553,-115.352
-40.3553,-114.645
-39.6482,-114.645
arc
-5.70711,-150
-5,-150
-5,-149.293
line
-40.3553,-120.352
-5.70711,-155
line
-39.6482,-119.645
-5,-154.293
arc
-40.3553,-120.352
-40.3553,-119.645
-39.6482,-119.645
arc
-5.70711,-155
-5,-155
-5,-154.293
line
-40.3553,-125.352
-5.70711,-160
line
-39.6482,-124.645
-5,-159.293
arc
-40.3553,-125.352
-40.3553,-124.645
-39.6482,-124.645
arc
-5.70711,-160
-5,-160
-5,-159.293
line
-40.3553,-130.352
-8.91518,-161.792
line
-39.6482,-129.645
-8.20807,-161.085
arc
-40.3553,-130.352
-40.3553,-129.645
-39.6482,-129.645
arc
-8.91518,-161.792
-8.20807,-161.792
-8.20807,-161.085
line
-40.3553,-135.352
-14.2764,-161.431
line
-39.6482,-134.645
-13.5693,-160.724
arc
-40.3553,-135.352
-40.3553,-134.645
-39.6482,-134.645
arc
-14.2764,-161.431
-13.5693,-161.431
-13.5693,-160.724
line
-40.3553,-140.352
-19.841,-160.866
line
-39.6482,-139.645
-19.1339,-160.159
arc
-40.3553,-140.352
-40.3553,-139.645
-39.6482,-139.645
arc
-19.841,-160.866
-19.1339,-160.866
-19.1339,-160.159
line
-40.3553,-145.352
-25.6368,-160.07
line
-39.6482,-144.645
-24.9297,-159.363
arc
-40.3553,-145.352
-40.3553,-144.645
-39.6482,-144.645
arc
-25.6368,-160.07
-24.9297,-160.07
-24.9297,-159.363
line
-40.3553,-150.352
-31.6993,-159.008
line
-39.6482,-149.645
-30.9922,-158.301
arc
-40.3553,-150.352
-40.3553,-149.645
-39.6482,-149.645
arc
-31.6993,-159.008
-30.9922,-159.008
-30.9922,-158.301
line
-85.0036,-35.3553
-50.3553,-0.707107
line
-85.7107,-34.6482
-51.0624,-8.65956e-17
arc
-85.0036,-35.3553
-85.7107,-35.3553
-85.7107,-34.6482
arc
-50.3553,-0.707107
-50.3553,0
-51.0624,-8.65956e-17
line
-85.0036,-30.3553
-50.3553,4.29289
line
-85.7107,-29.6482
-51.0624,5
arc
-85.0036,-30.3553
-85.7107,-30.3553
-85.7107,-29.6482
arc
-50.3553,4.29289
-50.3553,5
-51.0624,5
line
-85.0036,-25.3553
-50.3553,9.29289
line
-85.7107,-24.6482
-51.0624,10
arc
-85.0036,-25.3553
-85.7107,-25.3553
-85.7107,-24.6482
arc
-50.3553,9.29289
-50.3553,10
-51.0624,10
line
-85.0036,-20.3553
-50.3553,14.2929
line
-85.7107,-19.6482
-51.0624,15
arc
-85.0036,-20.3553
-85.7107,-20.3553
-85.7107,-19.6482
arc
-50.3553,14.2929
-50.3553,15
-51.0624,15
line
-85.0036,-15.3553
-50.3553,19.2929
line
-85.7107,-14.6482
-51.0624,20
arc
-85.0036,-15.3553
-85.7107,-15.3553
-85.7107,-14.6482
arc
-50.3553,19.2929
-50.3553,20
-51.0624,20
line
-85.0036,-10.3553
-50.3553,24.2929
line
-85.7107,-9.64823
-51.0624,25
arc
-85.0036,-10.3553
-85.7107,-10.3553
-85.7107,-9.64823
arc
-50.3553,24.2929
-50.3553,25
-51.0624,25
line
-85.0036,-5.35534
-50.3553,29.2929
line
-85.7107,-4.64823
-51.0624,30
arc
-85.0036,-5.35534
-85.7107,-5.35534
-85.7107,-4.64823
arc
-50.3553,29.2929
-50.3553,30
-51.0624,30
line
-85.0036,-0.355339
-50.3553,34.2929
line
-85.7107,0.351768
-51.0624,35
arc
-85.0036,-0.355339
-85.7107,-0.355339
-85.7107,0.351768
arc
-50.3553,34.2929
-50.3553,35
-51.0624,35
line
-85.0036,4.64466
-50.3553,39.2929
line
-85.7107,5.35177
-51.0624,40
arc
-85.0036,4.64466
-85.7107,4.64466
-85.7107,5.35177
arc
-50.3553,39.2929
-50.3553,40
-51.0624,40
line
-85.0036,9.64466
-50.3553,44.2929
line
-85.7107,10.3518
-51.0624,45
arc
-85.0036,9.64466
-85.7107,9.64466
-85.7107,10.3518
arc
-50.3553,44.2929
-50.3553,45
-51.0624,45
line
-85.0036,14.6447
-50.3553,49.2929
line
-85.7107,15.3518
-51.0624,50
arc
-85.0036,14.6447
-85.7107,14.6447
-85.7107,15.3518
arc
-50.3553,49.2929
-50.3553,50
-51.0624,50
line
-85.0036,19.6447
-50.3553,54.2929
line
-85.7107,20.3518
-51.0624,55
arc
-85.0036,19.6447
-85.7107,19.6447
-85.7107,20.3518
arc
-50.3553,54.2929
-50.3553,55
-51.0624,55
line
-85.0036,24.6447
-50.3553,59.2929
line
-85.7107,25.3518
-51.0624,60
arc
-85.0036,24.6447
-85.7107,24.6447
-85.7107,25.3518
arc
-50.3553,59.2929
-50.3553,60
-51.0624,60
line
-85.0036,29.6447
-50.3553,64.2929
line
-85.7107,30.3518
-51.0624,65
arc
-85.0036,29.6447
-85.7107,29.6447
-85.7107,30.3518
arc
-50.3553,64.2929
-50.3553,65
-51.0624,65
line
-85.0036,34.6447
-50.3553,69.2929
line
-85.7107,35.3518
-51.0624,70
arc
-85.0036,34.6447
-85.7107,34.6447
-85.7107,35.3518
arc
-50.3553,69.2929
-50.3553,70
-51.0624,70
line
-85.0036,39.6447
-50.3553,74.2929
line
-85.7107,40.3518
-51.0624,75
arc
-85.0036,39.6447
-85.7107,39.6447
-85.7107,40.3518
arc
-50.3553,74.2929
-50.3553,75
-51.0624,75
line
-85.0036,44.6447
-50.3553,79.2929
line
-85.7107,45.3518
-51.0624,80
arc
-85.0036,44.6447
-85.7107,44.6447
-85.7107,45.3518
arc
-50.3553,79.2929
-50.3553,80
-51.0624,80
line
-85.0036,49.6447
-50.3553,84.2929
line
-85.7107,50.3518
-51.0624,85
arc
-85.0036,49.6447
-85.7107,49.6447
-85.7107,50.3518
arc
-50.3553,84.2929
-50.3553,85
-51.0624,85
line
-85.0036,54.6447
-50.3553,89.2929
line
-85.7107,55.3518
-51.0624,90
arc
-85.0036,54.6447
-85.7107,54.6447
-85.7107,55.3518
arc
-50.3553,89.2929
-50.3553,90
-51.0624,90
line
-85.0036,59.6447
-50.3553,94.2929
line
-85.7107,60.3518
-51.0624,95
arc
-85.0036,59.6447
-85.7107,59.6447
-85.7107,60.3518
arc
-50.3553,94.2929
-50.3553,95
-51.0624,95
line
-85.0036,64.6447
-50.3553,99.2929
line
-85.7107,65.3518
-51.0624,100
arc
-85.0036,64.6447
-85.7107,64.6447
-85.7107,65.3518
arc
-50.3553,99.2929
-50.3553,100
-51.0624,100
line
-85.0036,69.6447
-50.3553,104.293
line
-85.7107,70.3518
-51.0624,105
arc
-85.0036,69.6447
-85.7107,69.6447
-85.7107,70.3518
arc
-50.3553,104.293
-50.3553,105
-51.0624,105
line
-85.0036,74.6447
-50.3553,109.293
line
-85.7107,75.3518
-51.0624,110
arc
-85.0036,74.6447
-85.7107,74.6447
-85.7107,75.3518
arc
-50.3553,109.293
-50.3553,110
-51.0624,110
line
-85.0036,79.6447
-50.3553,114.293
line
-85.7107,80.3518
-51.0624,115
arc
-85.0036,79.6447
-85.7107,79.6447
-85.7107,80.3518
arc
-50.3553,114.293
-50.3553,115
-51.0624,115
line
-85.0036,84.6447
-50.3553,119.293
line
-85.7107,85.3518
-51.0624,120
arc
-85.0036,84.6447
-85.7107,84.6447
-85.7107,85.3518
arc
-50.3553,119.293
-50.3553,120
-51.0624,120
line
-85.0036,89.6447
-50.3553,124.293
line
-85.7107,90.3518
-51.0624,125
arc
-85.0036,89.6447
-85.7107,89.6447
-85.7107,90.3518
arc
-50.3553,124.293
-50.3553,125
-51.0624,125
line
-85.0036,94.6447
-50.3553,129.293
line
-85.7107,95.3518
-51.0624,130
arc
-85.0036,94.6447
-85.7107,94.6447
-85.7107,95.3518
arc
-50.3553,129.293
-50.3553,130
-51.0624,130
line
-85.0036,99.6447
-50.3553,134.293
line
-85.7107,100.352
-51.0624,135
arc
-85.0036,99.6447
-85.7107,99.6447
-85.7107,100.352
arc
-50.3553,134.293
-50.3553,135
-51.0624,135
line
-85.0036,104.645
-50.3553,139.293
line
-85.7107,105.352
-51.0624,140
arc
-85.0036,104.645
-85.7107,104.645
-85.7107,105.352
arc
-50.3553,139.293
-50.3553,140
-51.0624,140
line
-85.0036,109.645
-50.3553,144.293
line
-85.7107,110.352
-51.0624,145
arc
-85.0036,109.645
-85.7107,109.645
-85.7107,110.352
arc
-50.3553,144.293
-50.3553,145
-51.0624,145
line
-85.0036,114.645
-50.3553,149.293
line
-85.7107,115.352
-51.0624,150
arc
-85.0036,114.645
-85.7107,114.645
-85.7107,115.352
arc
-50.3553,149.293
-50.3553,150
-51.0624,150
line
-85.0036,119.645
-51.8909,152.757
line
-85.7107,120.352
-52.598,153.464
arc
-85.0036,119.645
-85.7107,119.645
-85.7107,120.352
arc
-51.8909,152.757
-51.8909,153.464
-52.598,153.464
line
-85.0036,124.645
-59.7942,149.854
line
-85.7107,125.352
-60.5013,150.561
arc
-85.0036,124.645
-85.7107,124.645
-85.7107,125.352
arc
-59.7942,149.854
-59.7942,150.561
-60.5013,150.561
line
-85.0036,129.645
-68.5942,146.054
line
-85.7107,130.352
-69.3013,146.761
arc
-85.0036,129.645
-85.7107,129.645
-85.7107,130.352
arc
-68.5942,146.054
-68.5942,146.761
-69.3013,146.761
line
-85.0036,-40.3553
-50.3553,-5.70711
line
-85.7107,-39.6482
-51.0624,-5
arc
-85.0036,-40.3553
-85.7107,-40.3553
-85.7107,-39.6482
arc
-50.3553,-5.70711
-50.3553,-5
-51.0624,-5
line
-85.0036,-45.3553
-50.3553,-10.7071
line
-85.7107,-44.6482
-51.0624,-10
arc
-85.0036,-45.3553
-85.7107,-45.3553
-85.7107,-44.6482
arc
-50.3553,-10.7071
-50.3553,-10
-51.0624,-10
line
-85.0036,-50.3553
-50.3553,-15.7071
line
-85.7107,-49.6482
-51.0624,-15
arc
-85.0036,-50.3553
-85.7107,-50.3553
-85.7107,-49.6482
arc
-50.3553,-15.7071
-50.3553,-15
-51.0624,-15
line
-85.0036,-55.3553
-50.3553,-20.7071
line
-85.7107,-54.6482
-51.0624,-20
arc
-85.0036,-55.3553
-85.7107,-55.3553
-85.7107,-54.6482
arc
-50.3553,-20.7071
-50.3553,-20
-51.0624,-20
line
-85.0036,-60.3553
-50.3553,-25.7071
line
-85.7107,-59.6482
-51.0624,-25
arc
-85.0036,-60.3553
-85.7107,-60.3553
-85.7107,-59.6482
arc
-50.3553,-25.7071
-50.3553,-25
-51.0624,-25
line
-85.0036,-65.3553
-50.3553,-30.7071
line
-85.7107,-64.6482
-51.0624,-30
arc
-85.0036,-65.3553
-85.7107,-65.3553
-85.7107,-64.6482
arc
-50.3553,-30.7071
-50.3553,-30
-51.0624,-30
line
-85.0036,-70.3553
-50.3553,-35.7071
line
-85.7107,-69.6482
-51.0624,-35
arc
-85.0036,-70.3553
-85.7107,-70.3553
-85.7107,-69.6482
arc
-50.3553,-35.7071
-50.3553,-35
-51.0624,-35
line
-85.0036,-75.3553
-50.3553,-40.7071
line
-85.7107,-74.6482
-51.0624,-40
arc
-85.0036,-75.3553
-85.7107,-75.3553
-85.7107,-74.6482
arc
-50.3553,-40.7071
-50.3553,-40
-51.0624,-40
line
-85.0036,-80.3553
-50.3553,-45.7071
line
-85.7107,-79.6482
-51.0624,-45
arc
-85.0036,-80.3553
-85.7107,-80.3553
-85.7107,-79.6482
arc
-50.3553,-45.7071
-50.3553,-45
-51.0624,-45
line
-85.0036,-85.3553
-50.3553,-50.7071
line
-85.7107,-84.6482
-51.0624,-50
arc
-85.0036,-85.3553
-85.7107,-85.3553
-85.7107,-84.6482
arc
-50.3553,-50.7071
-50.3553,-50
-51.0624,-50
line
-85.0036,-90.3553
-50.3553,-55.7071
line
-85.7107,-89.6482
-51.0624,-55
arc
-85.0036,-90.3553
-85.7107,-90.3553
-85.7107,-89.6482
arc
-50.3553,-55.7071
-50.3553,-55
-51.0624,-55
line
-85.0036,-95.3553
-50.3553,-60.7071
line
-85.7107,-94.6482
-51.0624,-60
arc
-85.0036,-95.3553
-85.7107,-95.3553
-85.7107,-94.6482
arc
-50.3553,-60.7071
-50.3553,-60
-51.0624,-60
line
-85.0036,-100.355
-50.3553,-65.7071
line
-85.7107,-99.6482
-51.0624,-65
arc
-85.0036,-100.355
-85.7107,-100.355
-85.7107,-99.6482
arc
-50.3553,-65.7071
-50.3553,-65
-51.0624,-65
line
-85.0036,-105.355
-50.3553,-70.7071
line
-85.7107,-104.648
-51.0624,-70
arc
-85.0036,-105.355
-85.7107,-105.355
-85.7107,-104.648
arc
-50.3553,-70.7071
-50.3553,-70
-51.0624,-70
line
-85.0036,-110.355
-50.3553,-75.7071
line
-85.7107,-109.648
-51.0624,-75
arc
-85.0036,-110.355
-85.7107,-110.355
-85.7107,-109.648
arc
-50.3553,-75.7071
-50.3553,-75
-51.0624,-75
line
-85.0036,-115.355
-50.3553,-80.7071
line
-85.7107,-114.648
-51.0624,-80
arc
-85.0036,-115.355
-85.7107,-115.355
-85.7107,-114.648
arc
-50.3553,-80.7071
-50.3553,-80
-51.0624,-80
line
-85.0036,-120.355
-50.3553,-85.7071
line
-85.7107,-119.648
-51.0624,-85
arc
-85.0036,-120.355
-85.7107,-120.355
-85.7107,-119.648
arc
-50.3553,-85.7071
-50.3553,-85
-51.0624,-85
line
-85.0036,-125.355
-50.3553,-90.7071
line
-85.7107,-124.648
-51.0624,-90
arc
-85.0036,-125.355
-85.7107,-125.355
-85.7107,-124.648
arc
-50.3553,-90.7071
-50.3553,-90
-51.0624,-90
line
-85.0036,-130.355
-50.3553,-95.7071
line
-85.7107,-129.648
-51.0624,-95
arc
-85.0036,-130.355
-85.7107,-130.355
-85.7107,-129.648
arc
-50.3553,-95.7071
-50.3553,-95
-51.0624,-95
line
-85.0036,-135.355
-50.3553,-100.707
line
-85.7107,-134.648
-51.0624,-100
arc
-85.0036,-135.355
-85.7107,-135.355
-85.7107,-134.648
arc
-50.3553,-100.707
-50.3553,-100
-51.0624,-100
line
-83.2157,-138.568
-50.3553,-105.707
line
-83.9229,-137.86
-51.0624,-105
arc
-83.2157,-138.568
-83.9229,-138.568
-83.9229,-137.86
arc
-50.3553,-105.707
-50.3553,-105
-51.0624,-105
line
-80.0718,-140.424
-50.3553,-110.707
line
-80.7789,-139.716
-51.0624,-110
arc
-80.0718,-140.424
-80.7789,-140.424
-80.7789,-139.716
arc
-50.3553,-110.707
-50.3553,-110
-51.0624,-110
line
-76.8672,-142.219
-50.3553,-115.707
line
-77.5743,-141.512
-51.0624,-115
arc
-76.8672,-142.219
-77.5743,-142.219
-77.5743,-141.512
arc
-50.3553,-115.707
-50.3553,-115
-51.0624,-115
line
-73.6008,-143.953
-50.3553,-120.707
line
-74.3079,-143.245
-51.0624,-120
arc
-73.6008,-143.953
-74.3079,-143.953
-74.3079,-143.245
arc
-50.3553,-120.707
-50.3553,-120
-51.0624,-120
line
-70.2713,-145.623
-50.3553,-125.707
line
-70.9784,-144.916
-51.0624,-125
arc
-70.2713,-145.623
-70.9784,-145.623
-70.9784,-144.916
arc
-50.3553,-125.707
-50.3553,-125
-51.0624,-125
line
-66.8772,-147.229
-50.3553,-130.707
line
-67.5843,-146.522
-51.0624,-130
arc
-66.8772,-147.229
-67.5843,-147.229
-67.5843,-146.522
arc
-50.3553,-130.707
-50.3553,-130
-51.0624,-130
line
-63.4169,-148.769
-50.3553,-135.707
line
-64.124,-148.062
-51.0624,-135
arc
-63.4169,-148.769
-64.124,-148.769
-64.124,-148.062
arc
-50.3553,-135.707
-50.3553,-135
-51.0624,-135
line
-59.8886,-150.24
-50.3553,-140.707
line
-60.5957,-149.533
-51.0624,-140
arc
-59.8886,-150.24
-60.5957,-150.24
-60.5957,-149.533
arc
-50.3553,-140.707
-50.3553,-140
-51.0624,-140
line
-131.066,34.6482
-96.4178,8.65956e-17
line
-130.359,35.3553
-95.7107,0.707107
arc
-131.066,34.6482
-131.066,35.3553
-130.359,35.3553
arc
-96.4178,8.65956e-17
-95.7107,0
-95.7107,0.707107
line
-131.066,39.6482
-96.4178,5
line
-130.359,40.3553
-95.7107,5.70711
arc
-131.066,39.6482
-131.066,40.3553
-130.359,40.3553
arc
-96.4178,5
-95.7107,5
-95.7107,5.70711
line
-131.066,44.6482
-96.4178,10
line
-130.359,45.3553
-95.7107,10.7071
arc
-131.066,44.6482
-131.066,45.3553
-130.359,45.3553
arc
-96.4178,10
-95.7107,10
-95.7107,10.7071
line
-131.066,49.6482
-96.4178,15
line
-130.359,50.3553
-95.7107,15.7071
arc
-131.066,49.6482
-131.066,50.3553
-130.359,50.3553
arc
-96.4178,15
-95.7107,15
-95.7107,15.7071
line
-131.066,54.6482
-96.4178,20
line
-130.359,55.3553
-95.7107,20.7071
arc
-131.066,54.6482
-131.066,55.3553
-130.359,55.3553
arc
-96.4178,20
-95.7107,20
-95.7107,20.7071
line
-131.066,59.6482
-96.4178,25
line
-130.359,60.3553
-95.7107,25.7071
arc
-131.066,59.6482
-131.066,60.3553
-130.359,60.3553
arc
-96.4178,25
-95.7107,25
-95.7107,25.7071
line
-131.066,64.6482
-96.4178,30
line
-130.359,65.3553
-95.7107,30.7071
arc
-131.066,64.6482
-131.066,65.3553
-130.359,65.3553
arc
-96.4178,30
-95.7107,30
-95.7107,30.7071
line
-131.066,69.6482
-96.4178,35
line
-130.359,70.3553
-95.7107,35.7071
arc
-131.066,69.6482
-131.066,70.3553
-130.359,70.3553
arc
-96.4178,35
-95.7107,35
-95.7107,35.7071
line
-131.066,74.6482
-96.4178,40
line
-130.359,75.3553
-95.7107,40.7071
arc
-131.066,74.6482
-131.066,75.3553
-130.359,75.3553
arc
-96.4178,40
-95.7107,40
-95.7107,40.7071
line
-131.066,79.6482
-96.4178,45
line
-130.359,80.3553
-95.7107,45.7071
arc
-131.066,79.6482
-131.066,80.3553
-130.359,80.3553
arc
-96.4178,45
-95.7107,45
-95.7107,45.7071
line
-131.066,84.6482
-96.4178,50
line
-130.359,85.3553
-95.7107,50.7071
arc
-131.066,84.6482
-131.066,85.3553
-130.359,85.3553
arc
-96.4178,50
-95.7107,50
-95.7107,50.7071
line
-131.066,89.6482
-96.4178,55
line
-130.359,90.3553
-95.7107,55.7071
arc
-131.066,89.6482
-131.066,90.3553
-130.359,90.3553
arc
-96.4178,55
-95.7107,55
-95.7107,55.7071
line
-131.007,94.5887
-96.4178,60
line
-130.299,95.2958
-95.7107,60.7071
arc
-131.007,94.5887
-131.007,95.2958
-130.299,95.2958
arc
-96.4178,60
-95.7107,60
-95.7107,60.7071
line
-128.873,97.455
-96.4178,65
line
-128.166,98.1621
-95.7107,65.7071
arc
-128.873,97.455
-128.873,98.1621
-128.166,98.1621
arc
-96.4178,65
-95.7107,65
-95.7107,65.7071
line
-126.683,100.265
-96.4178,70
line
-125.976,100.972
-95.7107,70.7071
arc
-126.683,100.265
-126.683,100.972
-125.976,100.972
arc
-96.4178,70
-95.7107,70
-95.7107,70.7071
line
-124.438,103.02
-96.4178,75
line
-123.731,103.727
-95.7107,75.7071
arc
-124.438,103.02
-124.438,103.727
-123.731,103.727
arc
-96.4178,75
-95.7107,75
-95.7107,75.7071
line
-122.137,105.719
-96.4178,80
line
-121.43,106.426
-95.7107,80.7071
arc
-122.137,105.719
-122.137,106.426
-121.43,106.426
arc
-96.4178,80
-95.7107,80
-95.7107,80.7071
line
-119.781,108.364
-96.4178,85
line
-119.074,109.071
-95.7107,85.7071
arc
-119.781,108.364
-119.781,109.071
-119.074,109.071
arc
-96.4178,85
-95.7107,85
-95.7107,85.7071
line
-117.371,110.953
-96.4178,90
line
-116.664,111.66
-95.7107,90.7071
arc
-117.371,110.953
-117.371,111.66
-116.664,111.66
arc
-96.4178,90
-95.7107,90
-95.7107,90.7071
line
-114.906,113.488
-96.4178,95
line
-114.199,114.195
-95.7107,95.7071
arc
-114.906,113.488
-114.906,114.195
-114.199,114.195
arc
-96.4178,95
-95.7107,95
-95.7107,95.7071
line
-112.387,115.969
-96.4178,100
line
-111.679,116.676
-95.7107,100.707
arc
-112.387,115.969
-112.387,116.676
-111.679,116.676
arc
-96.4178,100
-95.7107,100
-95.7107,100.707
line
-109.812,118.395
-96.4178,105
line
-109.105,119.102
-95.7107,105.707
arc
-109.812,118.395
-109.812,119.102
-109.105,119.102
arc
-96.4178,105
-95.7107,105
-95.7107,105.707
line
-107.184,120.766
-96.4178,110
line
-106.477,121.473
-95.7107,110.707
arc
-107.184,120.766
-107.184,121.473
-106.477,121.473
arc
-96.4178,110
-95.7107,110
-95.7107,110.707
line
-104.5,123.082
-96.4178,115
line
-103.793,123.789
-95.7107,115.707
arc
-104.5,123.082
-104.5,123.789
-103.793,123.789
arc
-96.4178,115
-95.7107,115
-95.7107,115.707
line
-131.066,29.6482
-96.4178,-5
line
-130.359,30.3553
-95.7107,-4.29289
arc
-131.066,29.6482
-131.066,30.3553
-130.359,30.3553
arc
-96.4178,-5
-95.7107,-5
-95.7107,-4.29289
line
-131.066,24.6482
-96.4178,-10
line
-130.359,25.3553
-95.7107,-9.29289
arc
-131.066,24.6482
-131.066,25.3553
-130.359,25.3553
arc
-96.4178,-10
-95.7107,-10
-95.7107,-9.29289
line
-131.066,19.6482
-96.4178,-15
line
-130.359,20.3553
-95.7107,-14.2929
arc
-131.066,19.6482
-131.066,20.3553
-130.359,20.3553
arc
-96.4178,-15
-95.7107,-15
-95.7107,-14.2929
line
-131.066,14.6482
-96.4178,-20
line
-130.359,15.3553
-95.7107,-19.2929
arc
-131.066,14.6482
-131.066,15.3553
-130.359,15.3553
arc
-96.4178,-20
-95.7107,-20
-95.7107,-19.2929
line
-131.066,9.64823
-96.4178,-25
line
-130.359,10.3553
-95.7107,-24.2929
arc
-131.066,9.64823
-131.066,10.3553
-130.359,10.3553
arc
-96.4178,-25
-95.7107,-25
-95.7107,-24.2929
line
-131.066,4.64823
-96.4178,-30
line
-130.359,5.35534
-95.7107,-29.2929
arc
-131.066,4.64823
-131.066,5.35534
-130.359,5.35534
arc
-96.4178,-30
-95.7107,-30
-95.7107,-29.2929
line
-131.066,-0.351768
-96.4178,-35
line
-130.359,0.355339
-95.7107,-34.2929
arc
-131.066,-0.351768
-131.066,0.355339
-130.359,0.355339
arc
-96.4178,-35
-95.7107,-35
-95.7107,-34.2929
line
-131.066,-5.35177
-96.4178,-40
line
-130.359,-4.64466
-95.7107,-39.2929
arc
-131.066,-5.35177
-131.066,-4.64466
-130.359,-4.64466
arc
-96.4178,-40
-95.7107,-40
-95.7107,-39.2929
line
-131.066,-10.3518
-96.4178,-45
line
-130.359,-9.64466
-95.7107,-44.2929
arc
-131.066,-10.3518
-131.066,-9.64466
-130.359,-9.64466
arc
-96.4178,-45
-95.7107,-45
-95.7107,-44.2929
line
-131.066,-15.3518
-96.4178,-50
line
-130.359,-14.6447
-95.7107,-49.2929
arc
-131.066,-15.3518
-131.066,-14.6447
-130.359,-14.6447
arc
-96.4178,-50
-95.7107,-50
-95.7107,-49.2929
line
-131.066,-20.3518
-96.4178,-55
line
-130.359,-19.6447
-95.7107,-54.2929
arc
-131.066,-20.3518
-131.066,-19.6447
-130.359,-19.6447
arc
-96.4178,-55
-95.7107,-55
-95.7107,-54.2929
line
-131.066,-25.3518
-96.4178,-60
line
-130.359,-24.6447
-95.7107,-59.2929
arc
-131.066,-25.3518
-131.066,-24.6447
-130.359,-24.6447
arc
-96.4178,-60
-95.7107,-60
-95.7107,-59.2929
line
-131.066,-30.3518
-96.4178,-65
line
-130.359,-29.6447
-95.7107,-64.2929
arc
-131.066,-30.3518
-131.066,-29.6447
-130.359,-29.6447
arc
-96.4178,-65
-95.7107,-65
-95.7107,-64.2929
line
-131.066,-35.3518
-96.4178,-70
line
-130.359,-34.6447
-95.7107,-69.2929
arc
-131.066,-35.3518
-131.066,-34.6447
-130.359,-34.6447
arc
-96.4178,-70
-95.7107,-70
-95.7107,-69.2929
line
-131.066,-40.3518
-96.4178,-75
line
-130.359,-39.6447
-95.7107,-74.2929
arc
-131.066,-40.3518
-131.066,-39.6447
-130.359,-39.6447
arc
-96.4178,-75
-95.7107,-75
-95.7107,-74.2929
line
-131.066,-45.3518
-96.4178,-80
line
-130.359,-44.6447
-95.7107,-79.2929
arc
-131.066,-45.3518
-131.066,-44.6447
-130.359,-44.6447
arc
-96.4178,-80
-95.7107,-80
-95.7107,-79.2929
line
-131.066,-50.3518
-96.4178,-85
line
-130.359,-49.6447
-95.7107,-84.2929
arc
-131.066,-50.3518
-131.066,-49.6447
-130.359,-49.6447
arc
-96.4178,-85
-95.7107,-85
-95.7107,-84.2929
line
-131.066,-55.3518
-96.4178,-90
line
-130.359,-54.6447
-95.7107,-89.2929
arc
-131.066,-55.3518
-131.066,-54.6447
-130.359,-54.6447
arc
-96.4178,-90
-95.7107,-90
-95.7107,-89.2929
line
-131.066,-60.3518
-96.4178,-95
line
-130.359,-59.6447
-95.7107,-94.2929
arc
-131.066,-60.3518
-131.066,-59.6447
-130.359,-59.6447
arc
-96.4178,-95
-95.7107,-95
-95.7107,-94.2929
line
-131.066,-65.3518
-96.4178,-100
line
-130.359,-64.6447
-95.7107,-99.2929
arc
-131.066,-65.3518
-131.066,-64.6447
-130.359,-64.6447
arc
-96.4178,-100
-95.7107,-100
-95.7107,-99.2929
line
-131.066,-70.3518
-96.4178,-105
line
-130.359,-69.6447
-95.7107,-104.293
arc
-131.066,-70.3518
-131.066,-69.6447
-130.359,-69.6447
arc
-96.4178,-105
-95.7107,-105
-95.7107,-104.293
line
-131.066,-75.3518
-96.4178,-110
line
-130.359,-74.6447
-95.7107,-109.293
arc
-131.066,-75.3518
-131.066,-74.6447
-130.359,-74.6447
arc
-96.4178,-110
-95.7107,-110
-95.7107,-109.293
line
-131.066,-80.3518
-96.4178,-115
line
-130.359,-79.6447
-95.7107,-114.293
arc
-131.066,-80.3518
-131.066,-79.6447
-130.359,-79.6447
arc
-96.4178,-115
-95.7107,-115
-95.7107,-114.293
line
-131.066,-85.3518
-96.4178,-120
line
-130.359,-84.6447
-95.7107,-119.293
arc
-131.066,-85.3518
-131.066,-84.6447
-130.359,-84.6447
arc
-96.4178,-120
-95.7107,-120
-95.7107,-119.293
line
-131.066,-90.3518
-96.4178,-125
line
-130.359,-89.6447
-95.7107,-124.293
arc
-131.066,-90.3518
-131.066,-89.6447
-130.359,-89.6447
arc
-96.4178,-125
-95.7107,-125
-95.7107,-124.293
line
-131.066,-95.3518
-96.4178,-130
line
-130.359,-94.6447
-95.7107,-129.293
arc
-131.066,-95.3518
-131.066,-94.6447
-130.359,-94.6447
arc
-96.4178,-130
-95.7107,-130
-95.7107,-129.293
line
-160.087,-19.7282
-141.066,-0.707107
line
-160.794,-19.0211
-141.773,-4.00614e-16
arc
-160.087,-19.7282
-160.794,-19.7282
-160.794,-19.0211
arc
-141.066,-0.707107
-141.066,0
-141.773,-4.00614e-16
line
-160.577,-15.2177
-141.066,4.29289
line
-161.284,-14.5105
-141.773,5
arc
-160.577,-15.2177
-161.284,-15.2177
-161.284,-14.5105
arc
-141.066,4.29289
-141.066,5
-141.773,5
line
-160.947,-10.5876
-141.066,9.29289
line
-161.654,-9.88052
-141.773,10
arc
-160.947,-10.5876
-161.654,-10.5876
-161.654,-9.88052
arc
-141.066,9.29289
-141.066,10
-141.773,10
line
-161.188,-5.82908
-141.066,14.2929
line
-161.895,-5.12197
-141.773,15
arc
-161.188,-5.82908
-161.895,-5.82908
-161.895,-5.12197
arc
-141.066,14.2929
-141.066,15
-141.773,15
line
-161.29,-0.931306
-141.066,19.2929
line
-161.997,-0.224199
-141.773,20
arc
-161.29,-0.931306
-161.997,-0.931306
-161.997,-0.224199
arc
-141.066,19.2929
-141.066,20
-141.773,20
line
-161.241,4.11837
-141.066,24.2929
line
-161.948,4.82548
-141.773,25
arc
-161.241,4.11837
-161.948,4.11837
-161.948,4.82548
arc
-141.066,24.2929
-141.066,25
-141.773,25
line
-161.024,9.33521
-141.066,29.2929
line
-161.731,10.0423
-141.773,30
arc
-161.024,9.33521
-161.731,9.33521
-161.731,10.0423
arc
-141.066,29.2929
-141.066,30
-141.773,30
line
-160.621,14.7378
-141.066,34.2929
line
-161.328,15.4449
-141.773,35
arc
-160.621,14.7378
-161.328,14.7378
-161.328,15.4449
arc
-141.066,34.2929
-141.066,35
-141.773,35
line
-160.01,20.3491
-141.066,39.2929
line
-160.717,21.0563
-141.773,40
arc
-160.01,20.3491
-160.717,20.3491
-160.717,21.0563
arc
-141.066,39.2929
-141.066,40
-141.773,40
line
-159.16,26.1984
-141.066,44.2929
line
-159.868,26.9055
-141.773,45
arc
-159.16,26.1984
-159.868,26.1984
-159.868,26.9055
arc
-141.066,44.2929
-141.066,45
-141.773,45
line
-158.035,32.3235
-141.066,49.2929
line
-158.743,33.0306
-141.773,50
arc
-158.035,32.3235
-158.743,32.3235
-158.743,33.0306
arc
-141.066,49.2929
-141.066,50
-141.773,50
line
-156.584,38.7749
-141.066,54.2929
line
-157.291,39.482
-141.773,55
arc
-156.584,38.7749
-157.291,38.7749
-157.291,39.482
arc
-141.066,54.2929
-141.066,55
-141.773,55
line
-154.736,45.623
-141.066,59.2929
line
-155.443,46.3301
-141.773,60
arc
-154.736,45.623
-155.443,45.623
-155.443,46.3301
arc
-141.066,59.2929
-141.066,60
-141.773,60
line
-152.388,52.9711
-141.066,64.2929
line
-153.095,53.6782
-141.773,65
arc
-152.388,52.9711
-153.095,52.9711
-153.095,53.6782
arc
-141.066,64.2929
-141.066,65
-141.773,65
line
-149.377,60.9821
-141.066,69.2929
line
-150.084,61.6892
-141.773,70
arc
-149.377,60.9821
-150.084,60.9821
-150.084,61.6892
arc
-141.066,69.2929
-141.066,70
-141.773,70
line
-159.486,-24.1272
-141.066,-5.70711
line
-160.193,-23.4201
-141.773,-5
arc
-159.486,-24.1272
-160.193,-24.1272
-160.193,-23.4201
arc
-141.066,-5.70711
-141.066,-5
-141.773,-5
line
-158.78,-28.4214
-141.066,-10.7071
line
-159.487,-27.7143
-141.773,-10
arc
-158.78,-28.4214
-159.487,-28.4214
-159.487,-27.7143
arc
-141.066,-10.7071
-141.066,-10
-141.773,-10
line
-157.975,-32.6166
-141.066,-15.7071
line
-158.683,-31.9095
-141.773,-15
arc
-157.975,-32.6166
-158.683,-32.6166
-158.683,-31.9095
arc
-141.066,-15.7071
-141.066,-15
-141.773,-15
line
-157.077,-36.718
-141.066,-20.7071
line
-157.784,-36.0109
-141.773,-20
arc
-157.077,-36.718
-157.784,-36.718
-157.784,-36.0109
arc
-141.066,-20.7071
-141.066,-20
-141.773,-20
line
-156.089,-40.7302
-141.066,-25.7071
line
-156.796,-40.0231
-141.773,-25
arc
-156.089,-40.7302
-156.796,-40.7302
-156.796,-40.0231
arc
-141.066,-25.7071
-141.066,-25
-141.773,-25
line
-155.016,-44.6572
-141.066,-30.7071
line
-155.723,-43.9501
-141.773,-30
arc
-155.016,-44.6572
-155.723,-44.6572
-155.723,-43.9501
arc
-141.066,-30.7071
-141.066,-30
-141.773,-30
line
-153.862,-48.5027
-141.066,-35.7071
line
-154.569,-47.7956
-141.773,-35
arc
-153.862,-48.5027
-154.569,-48.5027
-154.569,-47.7956
arc
-141.066,-35.7071
-141.066,-35
-141.773,-35
line
-152.629,-52.2698
-141.066,-40.7071
line
-153.336,-51.5627
-141.773,-40
arc
-152.629,-52.2698
-153.336,-52.2698
-153.336,-51.5627
arc
-141.066,-40.7071
-141.066,-40
-141.773,-40
line
-151.32,-55.9614
-141.066,-45.7071
line
-152.027,-55.2543
-141.773,-45
arc
-151.32,-55.9614
-152.027,-55.9614
-152.027,-55.2543
arc
-141.066,-45.7071
-141.066,-45
-141.773,-45
line
-149.939,-59.58
-141.066,-50.7071
line
-150.646,-58.8729
-141.773,-50
arc
-149.939,-59.58
-150.646,-59.58
-150.646,-58.8729
arc
-141.066,-50.7071
-141.066,-50
-141.773,-50
line
-148.487,-63.128
-141.066,-55.7071
line
-149.194,-62.4209
-141.773,-55
arc
-148.487,-63.128
-149.194,-63.128
-149.194,-62.4209
arc
-141.066,-55.7071
-141.066,-55
-141.773,-55
